r_101 FALSE entertainment [1, 0, 0, 0, 0, 0, 0, 0, 0, 0, 0, 0, 0, 0, 0, 15, 3, 0, 1, 7, 4, 3, 0, 0]
r_1010 FALSE entertainment [3, 0, 0, 0, 1, 0, 0, 0, 0, 0, 0, 0, 0, 0, 0, 0, 0, 0, 0, 0, 0, 0, 0, 0]
r_1016 FALSE entertainment [10, 2, 0, 0, 0, 0, 0, 0, 1, 0, 0, 0, 0, 0, 0, 0, 0, 0, 0, 0, 0, 0, 0, 0]
r_1032 FALSE entertainment [10, 0, 1, 0, 1, 0, 0, 0, 0, 0, 0, 0, 0, 0, 0, 0, 0, 0, 0, 1, 0, 0, 0, 0]
r_1068 FALSE entertainment [7, 3, 2, 0, 0, 1, 0, 0, 1, 0, 0, 0, 0, 1, 0, 0, 0, 0, 0, 0, 0, 0, 0, 0]
r_1069 FALSE entertainment [14, 0, 0, 0, 0, 0, 0, 0, 0, 0, 1, 0, 1, 0, 0, 0, 0, 0, 0, 0, 0, 0, 0, 0]
r_1070 FALSE entertainment [11, 2, 1, 1, 0, 0, 0, 1, 0, 0, 0, 0, 0, 0, 0, 0, 0, 0, 0, 0, 0, 0, 0, 0]
r_1088 FALSE entertainment [4, 18, 9, 3, 2, 3, 2, 0, 0, 2, 2, 2, 2, 0, 0, 0, 0, 0, 1, 2, 1, 0, 0, 0]
r_1093 FALSE entertainment [12, 0, 2, 0, 0, 0, 1, 2, 0, 0, 0, 0, 0, 0, 0, 0, 0, 0, 0, 0, 0, 0, 0, 0]
r_1098 FALSE entertainment [6, 1, 0, 1, 0, 0, 0, 0, 0, 0, 0, 0, 0, 0, 0, 0, 0, 0, 0, 0, 0, 0, 0, 0]
r_1100 FALSE entertainment [6, 0, 0, 1, 0, 0, 0, 0, 0, 0, 0, 0, 1, 1, 0, 0, 0, 0, 0, 0, 0, 0, 0, 0]
r_1104 FALSE entertainment [8, 1, 5, 2, 0, 0, 1, 0, 0, 0, 0, 0, 0, 0, 0, 0, 0, 0, 0, 0, 0, 0, 0, 0]
r_1105 FALSE entertainment [29, 7, 1, 1, 0, 1, 0, 0, 0, 2, 1, 0, 1, 0, 0, 1, 0, 0, 1, 0, 0, 0, 0, 0]
r_1107 FALSE entertainment [8, 0, 0, 0, 0, 0, 0, 0, 0, 0, 0, 0, 0, 0, 0, 0, 0, 0, 0, 0, 0, 0, 0, 0]
r_1122 FALSE entertainment [16, 2, 1, 0, 0, 0, 0, 0, 0, 0, 0, 0, 0, 0, 0, 0, 0, 0, 0, 0, 0, 0, 0, 0]
r_1158 FALSE entertainment [13, 0, 0, 0, 0, 0, 0, 0, 0, 0, 0, 0, 0, 0, 0, 0, 0, 0, 0, 0, 0, 0, 0, 0]
r_1160 FALSE entertainment [10, 0, 1, 0, 2, 0, 0, 0, 0, 0, 0, 0, 0, 0, 0, 0, 0, 0, 0, 0, 0, 0, 0, 0]
r_1184 FALSE entertainment [17, 1, 2, 0, 0, 0, 0, 0, 0, 0, 0, 0, 0, 0, 0, 0, 0, 0, 0, 0, 1, 0, 0, 0]
r_1185 FALSE entertainment [18, 3, 1, 0, 0, 0, 0, 0, 0, 0, 0, 0, 0, 0, 0, 0, 0, 0, 0, 0, 0, 0, 0, 0]
r_1222 FALSE entertainment [12, 0, 1, 0, 0, 0, 0, 0, 0, 0, 0, 0, 0, 0, 0, 2, 0, 0, 0, 0, 0, 1, 0, 0]
r_1241 FALSE entertainment [5, 0, 0, 0, 0, 0, 0, 0, 0, 0, 0, 0, 0, 0, 0, 0, 0, 0, 0, 0, 0, 0, 0, 0]
r_1257 FALSE entertainment [11, 4, 2, 0, 0, 0, 0, 0, 0, 0, 0, 0, 0, 1, 0, 0, 0, 0, 0, 0, 0, 0, 0, 0]
r_1262 FALSE entertainment [13, 3, 0, 0, 1, 1, 0, 0, 0, 0, 0, 0, 0, 0, 0, 0, 0, 0, 0, 0, 0, 0, 0, 0]
r_1301 FALSE entertainment [24, 1, 2, 0, 1, 0, 0, 0, 0, 0, 0, 0, 0, 0, 0, 0, 0, 0, 0, 0, 0, 1, 0, 1]
r_1309 FALSE entertainment [23, 0, 0, 0, 0, 1, 0, 0, 0, 0, 0, 0, 0, 0, 0, 0, 0, 0, 0, 0, 0, 0, 0, 0]
r_1312 FALSE entertainment [15, 3, 2, 1, 0, 0, 1, 0, 0, 1, 0, 0, 0, 0, 0, 0, 0, 0, 0, 0, 0, 0, 0, 0]
r_1330 FALSE entertainment [11, 2, 3, 2, 2, 0, 0, 1, 0, 1, 1, 0, 0, 0, 0, 0, 0, 0, 0, 0, 0, 0, 0, 0]
r_1331 FALSE entertainment [14, 3, 1, 0, 0, 0, 0, 3, 0, 1, 0, 0, 0, 1, 0, 0, 1, 0, 0, 0, 0, 0, 0, 0]
r_1347 FALSE entertainment [6, 4, 0, 1, 0, 0, 0, 0, 0, 0, 0, 0, 0, 0, 0, 0, 0, 0, 0, 0, 0, 0, 0, 0]
r_1356 FALSE entertainment [11, 4, 0, 0, 0, 0, 0, 0, 0, 0, 0, 0, 0, 0, 0, 0, 0, 0, 0, 0, 0, 0, 0, 0]
r_1368 FALSE entertainment [5, 1, 1, 2, 1, 0, 0, 0, 0, 0, 0, 0, 0, 0, 0, 0, 0, 0, 0, 0, 0, 0, 0, 0]
r_1379 FALSE entertainment [15, 3, 3, 3, 2, 0, 0, 0, 0, 0, 0, 0, 0, 0, 0, 0, 0, 0, 0, 0, 0, 0, 0, 1]
r_1411 FALSE entertainment [7, 2, 1, 3, 1, 0, 0, 1, 0, 0, 0, 0, 0, 0, 0, 0, 0, 1, 3, 0, 0, 0, 0, 0]
r_1430 FALSE entertainment [6, 9, 1, 1, 1, 0, 0, 0, 0, 0, 0, 0, 0, 0, 0, 0, 0, 0, 0, 0, 0, 0, 0, 0]
r_1432 FALSE entertainment [13, 5, 2, 3, 1, 2, 1, 1, 0, 0, 1, 0, 0, 0, 0, 1, 0, 0, 0, 0, 0, 0, 0, 0]
r_1433 FALSE entertainment [61, 14, 7, 4, 3, 0, 0, 1, 2, 0, 1, 0, 2, 0, 1, 1, 0, 2, 1, 1, 2, 0, 0, 0]
r_1434 FALSE entertainment [8, 1, 1, 1, 1, 0, 0, 0, 0, 1, 0, 0, 2, 0, 0, 0, 0, 0, 0, 0, 0, 0, 1, 0]
r_1436 FALSE entertainment [13, 3, 1, 2, 1, 0, 0, 0, 0, 0, 0, 0, 0, 0, 0, 0, 0, 0, 0, 0, 0, 0, 0, 0]
r_1451 FALSE entertainment [18, 2, 0, 0, 0, 0, 0, 0, 0, 1, 0, 0, 0, 0, 0, 0, 0, 0, 0, 0, 0, 0, 0, 0]
r_1473 FALSE entertainment [33, 3, 0, 0, 0, 1, 0, 0, 0, 0, 0, 1, 0, 0, 0, 0, 0, 0, 0, 0, 0, 0, 0, 0]
r_1488 FALSE entertainment [5, 3, 0, 0, 0, 0, 0, 0, 0, 0, 0, 0, 0, 0, 0, 0, 0, 0, 0, 0, 0, 0, 0, 0]
r_1489 FALSE entertainment [24, 5, 1, 3, 1, 2, 0, 1, 0, 0, 0, 0, 0, 0, 0, 0, 0, 0, 0, 0, 0, 0, 0, 0]
r_1491 FALSE entertainment [24, 8, 2, 0, 1, 0, 0, 2, 1, 1, 0, 0, 0, 0, 0, 0, 0, 0, 0, 0, 0, 0, 0, 0]
r_1520 FALSE entertainment [22, 2, 1, 0, 2, 1, 0, 1, 0, 0, 0, 0, 0, 0, 0, 0, 0, 0, 0, 0, 0, 0, 0, 0]
r_1521 FALSE entertainment [17, 1, 1, 2, 1, 0, 0, 0, 1, 0, 0, 1, 1, 0, 0, 0, 0, 0, 0, 0, 0, 0, 0, 0]
r_1542 FALSE entertainment [27, 5, 3, 1, 1, 0, 1, 1, 0, 0, 1, 1, 2, 1, 1, 0, 0, 0, 0, 0, 0, 0, 0, 0]
r_1556 FALSE entertainment [29, 3, 1, 0, 1, 0, 2, 0, 0, 0, 0, 0, 0, 0, 0, 0, 0, 0, 0, 0, 0, 0, 0, 0]
r_1568 FALSE entertainment [75, 140, 83, 53, 23, 91, 56, 30, 13, 10, 9, 5, 7, 4, 3, 5, 4, 96, 188, 57, 31, 24, 14, 27]
r_1578 FALSE entertainment [34, 3, 3, 1, 5, 0, 1, 0, 0, 0, 1, 0, 0, 1, 1, 0, 0, 0, 1, 0, 0, 0, 0, 0]
r_1581 FALSE entertainment [6, 0, 0, 1, 0, 0, 0, 0, 0, 0, 0, 0, 0, 0, 0, 0, 0, 0, 0, 0, 0, 0, 0, 0]
r_1591 FALSE entertainment [44, 4, 1, 1, 1, 1, 4, 1, 0, 0, 0, 0, 0, 0, 0, 0, 0, 0, 1, 0, 0, 0, 0, 0]
r_1624 FALSE entertainment [31, 7, 5, 3, 1, 4, 0, 0, 0, 1, 0, 0, 0, 0, 0, 0, 0, 0, 0, 0, 0, 0, 0, 0]
r_1631 FALSE entertainment [44, 8, 8, 2, 2, 0, 0, 1, 1, 0, 1, 0, 0, 0, 0, 1, 0, 0, 0, 0, 0, 0, 0, 0]
r_1634 FALSE entertainment [10, 3, 0, 1, 0, 0, 0, 0, 0, 0, 0, 0, 0, 0, 0, 0, 0, 0, 0, 0, 0, 0, 0, 0]
r_1649 FALSE entertainment [9, 1, 0, 0, 1, 0, 0, 0, 0, 0, 0, 0, 0, 0, 0, 0, 0, 0, 0, 0, 0, 0, 0, 0]
r_1657 FALSE entertainment [36, 5, 1, 0, 0, 0, 1, 1, 0, 0, 0, 0, 0, 0, 0, 1, 0, 0, 0, 0, 0, 0, 0, 2]
r_1660 FALSE entertainment [6, 2, 0, 0, 11, 7, 2, 2, 0, 0, 0, 2, 0, 0, 0, 0, 2, 1, 0, 0, 1, 0, 0, 0]
r_1683 FALSE entertainment [53, 7, 4, 1, 0, 2, 0, 0, 0, 0, 0, 0, 0, 0, 0, 0, 0, 0, 0, 0, 0, 0, 0, 0]
r_1688 FALSE entertainment [1, 0, 0, 0, 0, 0, 0, 0, 0, 33, 15, 4, 2, 1, 0, 3, 3, 0, 2, 5, 1, 0, 1, 1]
r_1699 FALSE entertainment [45, 6, 2, 0, 0, 0, 0, 0, 0, 1, 1, 0, 1, 0, 0, 0, 0, 0, 0, 0, 0, 0, 0, 0]
r_1717 FALSE entertainment [45, 4, 0, 0, 0, 0, 0, 0, 0, 1, 0, 0, 0, 1, 2, 0, 0, 0, 0, 0, 0, 0, 0, 1]
r_1721 FALSE entertainment [76, 13, 4, 1, 2, 1, 0, 1, 1, 0, 0, 0, 1, 0, 2, 1, 2, 0, 0, 0, 0, 0, 0, 0]
r_1743 FALSE entertainment [50, 11, 8, 7, 4, 4, 2, 2, 1, 0, 0, 0, 0, 1, 0, 0, 0, 0, 1, 0, 0, 0, 1, 2]
r_1750 FALSE entertainment [81, 20, 6, 7, 4, 1, 3, 4, 3, 4, 0, 0, 0, 2, 0, 0, 1, 0, 1, 1, 1, 0, 0, 0]
r_1790 FALSE entertainment [117, 19, 9, 8, 2, 2, 3, 3, 2, 1, 1, 1, 0, 2, 0, 0, 0, 2, 0, 1, 0, 1, 0, 0]
r_1821 FALSE entertainment [59, 43, 24, 12, 5, 7, 4, 4, 2, 5, 3, 2, 0, 1, 4, 1, 0, 0, 0, 0, 0, 1, 1, 0]
r_1824 FALSE entertainment [94, 11, 5, 4, 3, 2, 8, 9, 4, 5, 3, 0, 3, 1, 3, 1, 0, 0, 1, 0, 0, 0, 4, 3]
r_1835 FALSE entertainment [7, 0, 0, 0, 0, 0, 0, 0, 2, 15, 1, 0, 0, 0, 2, 0, 0, 0, 0, 1, 18, 24, 29, 34]
r_1876 FALSE entertainment [17, 7, 4, 0, 0, 3, 0, 0, 0, 0, 55, 16, 12, 14, 3, 8, 3, 2, 10, 2, 1, 2, 8, 5]
r_1878 FALSE entertainment [148, 33, 34, 26, 16, 2, 1, 0, 0, 0, 2, 0, 1, 1, 5, 2, 1, 2, 2, 1, 0, 8, 1, 2]
r_1899 FALSE entertainment [285, 81, 37, 23, 20, 21, 16, 6, 7, 3, 1, 4, 4, 6, 5, 5, 9, 4, 3, 4, 7, 8, 5, 10]
r_1905 FALSE entertainment [253, 57, 31, 23, 16, 7, 1, 3, 2, 3, 2, 3, 3, 6, 1, 1, 1, 1, 0, 1, 0, 0, 0, 2]
r_1912 FALSE entertainment [86, 32, 3, 1, 2, 3, 2, 5, 8, 14, 16, 42, 7, 18, 11, 23, 9, 8, 4, 0, 3, 1, 1, 11]
r_1918 FALSE entertainment [106, 80, 41, 41, 18, 67, 24, 11, 12, 17, 5, 1, 7, 3, 2, 11, 11, 3, 4, 1, 0, 1, 1, 0]
r_1922 FALSE entertainment [10, 6, 0, 1, 0, 1, 0, 0, 0, 0, 0, 0, 0, 0, 0, 0, 0, 0, 0, 0, 0, 0, 0, 0]
r_1949 FALSE entertainment [411, 108, 43, 17, 17, 17, 7, 5, 4, 5, 15, 7, 7, 4, 5, 2, 4, 3, 7, 25, 3, 3, 2, 5]
r_1973 FALSE entertainment [168, 144, 150, 102, 83, 28, 45, 45, 49, 29, 45, 39, 29, 24, 14, 33, 21, 18, 10, 10, 14, 36, 22, 33]
r_1974 FALSE entertainment [1166, 184, 106, 74, 61, 68, 61, 54, 49, 31, 25, 28, 19, 11, 16, 7, 12, 15, 8, 10, 7, 16, 6, 3]
r_1975 FALSE entertainment [441, 98, 57, 20, 25, 11, 12, 13, 7, 9, 5, 5, 9, 0, 5, 2, 2, 1, 3, 3, 15, 12, 3, 7]
r_1977 FALSE entertainment [306, 207, 266, 270, 254, 112, 117, 95, 109, 100, 96, 101, 100, 66, 36, 5, 5, 1, 0, 0, 0, 0, 2, 4]
r_1978 FALSE entertainment [404, 202, 102, 60, 40, 22, 23, 20, 12, 7, 9, 11, 7, 4, 11, 7, 3, 2, 0, 0, 1, 3, 4, 6]
r_1988 FALSE entertainment [144, 30, 16, 10, 4, 6, 4, 6, 8, 3, 6, 2, 0, 4, 10, 53, 53, 8, 4, 35, 5, 4, 3, 3]
r_1996 FALSE entertainment [17, 2, 0, 0, 0, 1, 0, 0, 2, 0, 0, 0, 0, 0, 0, 0, 0, 0, 0, 0, 0, 1, 0, 0]
r_2005 FALSE entertainment [5519, 1564, 799, 382, 230, 79, 43, 107, 346, 366, 319, 319, 329, 302, 216, 180, 171, 144, 161, 123, 71, 87, 97, 130]
r_378 FALSE entertainment [1, 1, 0, 0, 0, 0, 0, 0, 0, 0, 0, 0, 0, 0, 0, 0, 0, 0, 0, 0, 0, 0, 0, 0]
r_386 FALSE entertainment [18, 1, 0, 1, 1, 0, 0, 0, 0, 0, 0, 0, 0, 0, 0, 0, 0, 0, 0, 0, 0, 0, 0, 0]
r_399 FALSE entertainment [2, 0, 0, 0, 0, 0, 0, 0, 0, 0, 0, 0, 0, 0, 0, 0, 0, 0, 0, 0, 0, 0, 0, 0]
r_409 FALSE entertainment [473, 83, 36, 12, 8, 12, 7, 7, 1, 19, 7, 0, 3, 7, 3, 1, 1, 4, 11, 4, 1, 3, 0, 1]
r_412 FALSE entertainment [22, 2, 4, 1, 0, 0, 0, 0, 0, 0, 0, 0, 0, 0, 0, 0, 0, 0, 0, 0, 0, 0, 0, 0]
r_414 FALSE entertainment [2, 0, 0, 0, 0, 1, 2, 0, 0, 0, 0, 0, 0, 0, 0, 0, 0, 0, 0, 0, 0, 0, 0, 0]
r_419 FALSE entertainment [1, 0, 0, 0, 0, 0, 0, 0, 0, 0, 0, 0, 0, 0, 0, 0, 0, 0, 0, 0, 0, 0, 0, 0]
r_421 FALSE entertainment [17, 0, 0, 0, 0, 1, 1, 0, 0, 0, 1, 0, 0, 1, 0, 0, 0, 0, 0, 0, 0, 0, 0, 0]
r_425 FALSE entertainment [2, 0, 0, 0, 0, 0, 0, 0, 0, 0, 0, 0, 0, 0, 0, 0, 0, 0, 0, 0, 0, 0, 0, 0]
r_438 FALSE entertainment [2, 0, 0, 0, 0, 0, 0, 0, 0, 0, 0, 0, 0, 0, 10, 1, 0, 1, 0, 0, 0, 0, 0, 0]
r_451 FALSE entertainment [4, 1, 1, 0, 0, 2, 0, 0, 1, 0, 1, 0, 0, 0, 0, 0, 0, 0, 0, 0, 0, 0, 0, 0]
r_455 FALSE entertainment [6, 0, 1, 0, 0, 0, 0, 0, 0, 0, 0, 0, 0, 0, 0, 0, 0, 0, 0, 0, 0, 0, 0, 0]
r_641 FALSE entertainment [3, 0, 0, 0, 0, 6, 1, 0, 0, 0, 0, 0, 2, 0, 1, 0, 0, 0, 0, 0, 0, 0, 0, 1]
r_643 FALSE entertainment [51, 27, 21, 14, 14, 20, 15, 11, 2, 5, 19, 11, 1, 22, 19, 16, 19, 6, 8, 8, 10, 5, 8, 10]
r_645 FALSE entertainment [59, 45, 34, 32, 41, 21, 23, 68, 106, 63, 33, 22, 39, 44, 47, 1411, 835, 638, 417, 272, 251, 193, 146, 117]
r_720 FALSE entertainment [2, 0, 0, 0, 0, 0, 0, 0, 0, 0, 0, 0, 0, 0, 0, 0, 0, 0, 0, 0, 0, 0, 0, 0]
r_724 FALSE entertainment [2, 0, 0, 0, 0, 0, 0, 0, 0, 0, 0, 0, 0, 0, 0, 0, 0, 0, 0, 0, 0, 0, 0, 0]
r_731 FALSE entertainment [1, 0, 0, 0, 0, 0, 0, 0, 0, 0, 0, 0, 0, 0, 0, 0, 0, 0, 0, 0, 0, 0, 0, 0]
r_735 FALSE entertainment [2, 0, 0, 0, 0, 0, 0, 0, 0, 0, 0, 0, 0, 0, 0, 0, 0, 0, 0, 0, 0, 0, 0, 0]
r_737 FALSE entertainment [2, 0, 0, 0, 0, 0, 0, 0, 0, 0, 0, 0, 0, 0, 0, 0, 1, 0, 0, 0, 0, 0, 0, 0]
r_739 FALSE entertainment [42, 2, 0, 0, 2, 0, 0, 0, 0, 0, 0, 0, 0, 0, 0, 1, 0, 0, 0, 0, 0, 0, 0, 0]
r_741 FALSE entertainment [2, 0, 0, 0, 0, 0, 0, 0, 0, 0, 0, 0, 0, 0, 0, 0, 0, 0, 0, 0, 0, 0, 0, 0]
r_742 FALSE entertainment [1, 0, 0, 0, 0, 0, 0, 0, 0, 0, 1, 0, 0, 0, 0, 0, 0, 0, 0, 0, 0, 0, 0, 0]
r_78 FALSE entertainment [5, 0, 0, 1, 0, 0, 0, 0, 0, 0, 0, 0, 0, 0, 0, 0, 0, 0, 0, 0, 0, 0, 0, 0]
r_780 FALSE entertainment [2, 0, 0, 0, 0, 0, 0, 0, 0, 0, 0, 0, 0, 0, 0, 0, 0, 0, 0, 0, 0, 0, 0, 0]
r_781 FALSE entertainment [1, 0, 1, 0, 0, 0, 0, 0, 0, 0, 0, 0, 0, 0, 0, 0, 0, 0, 0, 0, 0, 0, 0, 0]
r_819 FALSE entertainment [2, 0, 0, 1, 0, 0, 0, 0, 0, 0, 1, 0, 0, 0, 0, 0, 0, 0, 1, 0, 0, 0, 0, 0]
r_820 FALSE entertainment [52, 27, 17, 5, 41, 8, 14, 15, 5, 6, 1, 4, 2, 0, 0, 1, 1, 17, 10, 6, 4, 4, 2, 1]
r_821 FALSE entertainment [2, 1, 0, 0, 0, 0, 0, 0, 0, 0, 0, 0, 0, 0, 0, 0, 0, 0, 0, 0, 0, 0, 0, 0]
r_822 FALSE entertainment [2, 23, 7, 3, 2, 2, 46, 26, 24, 48, 24, 28, 27, 26, 7, 15, 6, 1, 2, 1, 6, 9, 6, 10]
r_823 FALSE entertainment [3, 0, 0, 0, 0, 0, 0, 0, 0, 0, 0, 0, 0, 0, 0, 0, 0, 0, 0, 0, 0, 0, 0, 0]
r_824 FALSE entertainment [3, 0, 0, 0, 0, 0, 0, 0, 0, 0, 0, 0, 0, 0, 0, 0, 0, 0, 0, 0, 0, 0, 0, 0]
r_85 FALSE entertainment [1, 0, 0, 0, 0, 0, 0, 0, 1, 0, 0, 2, 0, 0, 1, 0, 0, 0, 0, 0, 0, 0, 0, 0]
r_863 FALSE entertainment [3, 0, 0, 0, 0, 0, 0, 0, 0, 0, 0, 0, 0, 0, 0, 0, 0, 0, 0, 0, 0, 0, 0, 0]
r_864 FALSE entertainment [4, 0, 0, 0, 0, 0, 0, 0, 0, 0, 0, 0, 0, 0, 0, 0, 0, 0, 0, 0, 0, 0, 0, 0]
r_865 FALSE entertainment [4, 0, 0, 0, 0, 0, 0, 0, 0, 0, 0, 0, 0, 0, 0, 0, 0, 0, 0, 0, 0, 0, 0, 0]
r_87 FALSE entertainment [2, 0, 0, 0, 0, 1, 0, 0, 0, 0, 0, 0, 0, 0, 0, 0, 0, 1, 3, 1, 0, 0, 0, 1]
r_882 FALSE entertainment [3, 0, 0, 1, 0, 0, 0, 0, 0, 0, 0, 0, 0, 0, 0, 0, 0, 0, 0, 0, 0, 0, 0, 0]
r_889 FALSE entertainment [2, 0, 0, 0, 0, 0, 0, 1, 1, 0, 0, 1, 0, 0, 0, 0, 0, 0, 0, 0, 0, 0, 0, 0]
r_903 FALSE entertainment [11, 1, 0, 0, 0, 0, 0, 0, 0, 0, 0, 0, 0, 0, 0, 0, 0, 0, 0, 0, 0, 0, 0, 0]
r_914 FALSE entertainment [5, 1, 1, 0, 0, 0, 0, 0, 0, 0, 0, 0, 0, 0, 0, 0, 0, 0, 0, 0, 0, 0, 0, 0]
r_915 FALSE entertainment [5, 1, 1, 0, 0, 0, 0, 0, 0, 0, 0, 0, 0, 0, 0, 0, 0, 0, 0, 0, 0, 0, 0, 0]
r_916 FALSE entertainment [4, 1, 0, 1, 0, 0, 0, 0, 0, 0, 0, 0, 0, 0, 0, 0, 0, 0, 0, 0, 0, 0, 0, 0]
r_94 FALSE entertainment [2, 0, 0, 0, 0, 2, 0, 0, 0, 0, 0, 0, 0, 0, 0, 0, 0, 0, 1, 0, 0, 0, 0, 0]
r_944 FALSE entertainment [2, 0, 0, 0, 0, 0, 0, 0, 0, 0, 0, 0, 0, 0, 0, 0, 0, 0, 0, 0, 0, 0, 0, 0]
r_949 FALSE entertainment [3, 0, 0, 0, 0, 0, 0, 0, 0, 0, 0, 0, 0, 0, 0, 0, 0, 0, 0, 0, 0, 0, 0, 0]
r_953 FALSE entertainment [6, 1, 1, 0, 0, 0, 0, 1, 0, 0, 0, 0, 0, 0, 0, 0, 0, 0, 0, 0, 0, 0, 0, 0]
r_957 FALSE entertainment [4, 0, 1, 1, 0, 0, 0, 0, 1, 1, 0, 0, 0, 0, 0, 0, 0, 0, 0, 0, 0, 0, 0, 0]
r_96 FALSE entertainment [4, 0, 2, 0, 1, 0, 0, 1, 0, 4, 6, 3, 2, 1, 2, 1, 3, 1, 1, 0, 0, 1, 0, 0]
r_961 FALSE entertainment [6, 1, 0, 1, 0, 0, 0, 0, 0, 0, 0, 0, 0, 0, 0, 1, 0, 0, 0, 0, 0, 0, 0, 0]
r_963 FALSE entertainment [8, 0, 0, 0, 0, 0, 0, 0, 0, 0, 0, 0, 0, 1, 0, 0, 0, 1, 0, 0, 0, 0, 0, 0]
r_968 FALSE entertainment [5, 0, 2, 1, 0, 1, 0, 0, 0, 0, 0, 0, 0, 0, 0, 0, 0, 1, 0, 0, 0, 0, 0, 0]
r_97 FALSE entertainment [159, 51, 24, 47, 25, 16, 9, 17, 22, 9, 6, 6, 2, 4, 0, 2, 0, 1, 3, 13, 7, 8, 4, 3]
r_981 FALSE entertainment [9, 0, 0, 0, 2, 0, 0, 0, 0, 0, 0, 0, 0, 0, 0, 0, 0, 0, 0, 0, 0, 0, 0, 0]
r_982 FALSE entertainment [8, 2, 0, 0, 0, 0, 0, 1, 0, 0, 0, 0, 0, 0, 0, 0, 0, 0, 0, 0, 0, 0, 0, 0]
r_993 FALSE entertainment [12, 0, 0, 0, 0, 0, 0, 0, 0, 0, 0, 0, 0, 0, 0, 0, 0, 0, 0, 0, 0, 0, 0, 0]
