r_2015 TRUE entertainment [849, 111, 37, 40, 39, 33, 35, 60, 49, 37, 33, 23, 8, 5, 11, 5, 1, 5, 1, 4, 8, 8, 3, 2]
r_2034 TRUE entertainment [181, 50, 21, 10, 9, 5, 4, 5, 14, 6, 1, 4, 11, 6, 3, 0, 7, 16, 7, 15, 9, 2, 1, 1]
r_2035 TRUE entertainment [391, 104, 58, 29, 26, 9, 13, 11, 14, 5, 4, 4, 3, 1, 1, 2, 3, 6, 5, 7, 18, 3, 4, 2]
r_2044 TRUE entertainment [64, 90, 40, 35, 21, 19, 17, 29, 20, 24, 16, 9, 8, 3, 3, 1, 3, 3, 0, 1, 5, 2, 0, 2]
r_2058 TRUE entertainment [405, 61, 22, 15, 9, 11, 9, 5, 2, 7, 7, 4, 4, 2, 2, 1, 0, 1, 1, 2, 0, 0, 3, 1]
r_2060 TRUE entertainment [402, 54, 23, 16, 9, 12, 4, 4, 5, 5, 4, 5, 0, 0, 3, 1, 2, 3, 2, 1, 3, 3, 1, 1]
r_2070 TRUE entertainment [305, 46, 24, 21, 11, 5, 8, 6, 5, 2, 2, 2, 0, 1, 1, 0, 2, 3, 1, 2, 1, 2, 1, 0]
r_2081 TRUE entertainment [159, 35, 20, 13, 12, 10, 4, 3, 4, 2, 0, 0, 1, 0, 1, 1, 1, 1, 1, 3, 0, 0, 0, 1]
r_2082 TRUE entertainment [128, 21, 16, 13, 23, 8, 5, 7, 5, 3, 2, 0, 1, 4, 1, 5, 1, 1, 0, 0, 1, 0, 1, 0]
r_2086 TRUE entertainment [1, 0, 240, 132, 54, 34, 20, 16, 11, 13, 9, 4, 3, 6, 4, 1, 1, 0, 2, 0, 0, 0, 1, 0]
r_2098 TRUE entertainment [29, 26, 12, 3, 0, 11, 14, 21, 28, 10, 22, 30, 12, 18, 86, 23, 29, 10, 45, 45, 87, 28, 36, 48]
r_2136 TRUE entertainment [87, 16, 14, 10, 7, 0, 4, 4, 1, 5, 4, 1, 1, 1, 1, 2, 0, 1, 1, 1, 3, 0, 0, 2]
r_2149 TRUE entertainment [9, 1, 0, 2, 0, 0, 1, 2, 0, 0, 0, 0, 0, 0, 0, 0, 0, 0, 0, 0, 0, 0, 0, 0]
r_2179 TRUE entertainment [5, 6, 4, 2, 5, 1, 2, 3, 2, 2, 0, 0, 1, 1, 0, 0, 1, 2, 4, 0, 1, 6, 1, 0]
r_2193 TRUE entertainment [45, 10, 5, 2, 2, 1, 0, 1, 0, 2, 7, 5, 0, 1, 0, 0, 0, 0, 0, 0, 0, 0, 0, 0]
r_2196 TRUE entertainment [75, 8, 3, 3, 0, 2, 0, 0, 2, 1, 2, 0, 1, 0, 1, 0, 0, 0, 0, 0, 0, 0, 0, 0]
r_2216 TRUE entertainment [28, 10, 7, 1, 3, 1, 4, 4, 1, 2, 4, 0, 0, 0, 0, 0, 0, 0, 0, 0, 0, 1, 0, 0]
r_2266 TRUE entertainment [10, 3, 0, 1, 1, 0, 0, 1, 0, 0, 0, 1, 4, 4, 0, 0, 0, 0, 0, 0, 0, 0, 0, 0]
r_2272 TRUE entertainment [23, 1, 0, 1, 2, 1, 4, 4, 3, 1, 0, 0, 0, 0, 0, 1, 0, 0, 0, 0, 0, 0, 0, 0]
r_2298 TRUE entertainment [19, 2, 1, 1, 1, 0, 0, 0, 1, 0, 1, 0, 0, 0, 0, 0, 1, 0, 0, 0, 0, 0, 0, 0]
r_2299 TRUE entertainment [14, 1, 2, 0, 0, 1, 1, 0, 0, 2, 2, 0, 0, 0, 0, 1, 0, 0, 0, 0, 0, 1, 0, 1]
r_2313 TRUE entertainment [8, 3, 1, 1, 0, 3, 0, 0, 0, 0, 0, 0, 0, 0, 0, 0, 0, 0, 0, 0, 0, 0, 0, 0]
r_2314 TRUE entertainment [19, 1, 0, 0, 0, 1, 0, 0, 0, 0, 0, 0, 0, 0, 0, 0, 0, 0, 0, 0, 0, 0, 0, 0]
r_2323 TRUE entertainment [13, 1, 0, 0, 1, 1, 0, 0, 0, 0, 0, 0, 0, 0, 0, 0, 0, 0, 0, 0, 0, 0, 0, 0]
r_2330 TRUE entertainment [14, 0, 0, 0, 0, 0, 0, 0, 1, 0, 0, 0, 0, 0, 0, 0, 0, 0, 0, 0, 0, 0, 0, 0]
r_2338 TRUE entertainment [6, 1, 0, 0, 2, 0, 0, 1, 1, 0, 0, 0, 0, 0, 0, 0, 0, 0, 0, 0, 0, 0, 0, 0]
r_2345 TRUE entertainment [5, 1, 1, 0, 0, 0, 0, 1, 0, 0, 0, 0, 0, 0, 0, 0, 1, 0, 0, 0, 0, 0, 0, 0]
r_2374 TRUE entertainment [9, 0, 0, 0, 1, 0, 0, 1, 1, 1, 0, 0, 0, 0, 0, 0, 0, 0, 0, 0, 0, 0, 0, 0]
r_2378 TRUE entertainment [3, 1, 0, 0, 0, 0, 0, 0, 0, 0, 0, 0, 0, 0, 0, 0, 0, 0, 0, 0, 0, 0, 0, 0]
r_2398 TRUE entertainment [3, 0, 0, 0, 0, 0, 0, 0, 0, 0, 0, 0, 0, 0, 0, 0, 0, 0, 0, 0, 0, 0, 0, 0]
r_2400 TRUE entertainment [2, 0, 0, 0, 0, 0, 0, 0, 0, 0, 0, 0, 0, 0, 0, 0, 0, 0, 0, 0, 0, 0, 0, 0]
r_73 TRUE entertainment [6, 1, 0, 0, 0, 0, 0, 0, 0, 0, 0, 0, 0, 0, 0, 0, 0, 0, 0, 0, 0, 0, 0, 0]
