r_1239 FALSE naturaldisasters [12, 3, 0, 1, 0, 0, 1, 0, 0, 1, 0, 0, 0, 0, 0, 0, 0, 0, 0, 0, 0, 0, 0, 0]
r_1248 FALSE naturaldisasters [11, 0, 2, 0, 2, 0, 1, 0, 0, 0, 0, 0, 0, 0, 0, 0, 0, 0, 0, 0, 0, 0, 0, 0]
r_1333 FALSE naturaldisasters [8, 1, 1, 0, 0, 0, 0, 0, 1, 0, 0, 0, 0, 0, 0, 0, 0, 0, 0, 0, 0, 0, 0, 0]
r_1372 FALSE naturaldisasters [20, 1, 3, 1, 1, 0, 0, 0, 0, 0, 0, 0, 0, 0, 0, 0, 13, 7, 4, 2, 1, 3, 0, 1]
r_1428 FALSE naturaldisasters [14, 8, 6, 2, 1, 0, 1, 1, 0, 1, 0, 0, 2, 22, 9, 4, 1, 3, 1, 0, 2, 2, 2, 1]
r_1557 FALSE naturaldisasters [15, 1, 0, 0, 0, 0, 0, 0, 0, 0, 0, 0, 0, 0, 0, 0, 0, 0, 0, 0, 0, 0, 0, 0]
r_1734 FALSE naturaldisasters [45, 7, 11, 3, 6, 2, 5, 2, 1, 1, 1, 1, 4, 0, 0, 0, 0, 0, 1, 0, 1, 0, 0, 1]
r_1796 FALSE naturaldisasters [1, 8, 4, 2, 0, 0, 0, 0, 1, 0, 0, 0, 2, 8, 1, 0, 2, 0, 0, 20, 6, 0, 0, 0]
r_401 FALSE naturaldisasters [224, 170, 40, 36, 10, 16, 12, 12, 2, 3, 10, 11, 4, 3, 3, 24, 18, 12, 6, 9, 3, 57, 3, 3]
r_404 FALSE naturaldisasters [2, 0, 1, 0, 0, 0, 0, 0, 0, 0, 0, 0, 1, 0, 0, 0, 0, 0, 0, 0, 0, 0, 0, 0]
r_725 FALSE naturaldisasters [1, 0, 0, 0, 0, 0, 0, 0, 1, 0, 0, 0, 0, 0, 0, 0, 0, 0, 0, 0, 0, 0, 0, 0]
r_729 FALSE naturaldisasters [24, 2, 0, 0, 0, 0, 0, 0, 0, 0, 0, 0, 0, 0, 0, 0, 0, 0, 0, 0, 0, 0, 0, 0]
r_730 FALSE naturaldisasters [47, 43, 30, 15, 189, 74, 39, 15, 14, 3, 10, 12, 10, 5, 0, 2, 5, 5, 9, 2, 7, 5, 6, 5]
r_736 FALSE naturaldisasters [2, 0, 0, 0, 0, 0, 0, 0, 0, 0, 0, 0, 0, 0, 0, 0, 0, 0, 0, 0, 0, 0, 0, 0]
r_82 FALSE naturaldisasters [3, 1, 1, 2, 0, 2, 1, 0, 1, 0, 0, 0, 0, 0, 0, 0, 0, 3, 7, 18, 7, 3, 1, 2]
r_825 FALSE naturaldisasters [3, 0, 0, 0, 0, 0, 0, 0, 0, 0, 0, 0, 0, 0, 0, 0, 0, 0, 0, 0, 0, 0, 0, 0]
r_974 FALSE naturaldisasters [4, 4, 4, 0, 0, 0, 0, 0, 1, 0, 1, 0, 0, 0, 0, 0, 0, 0, 0, 0, 0, 0, 0, 0]
