r_0 FALSE politics [5, 2, 13, 16, 6, 0, 0, 5, 3, 2, 0, 0, 0, 0, 0, 0, 0, 0, 0, 3, 1, 0, 1, 0]
r_1 FALSE politics [11, 6, 7, 4, 3, 0, 0, 0, 0, 1, 0, 1, 2, 1, 2, 1, 2, 1, 0, 1, 1, 0, 0, 0]
r_1000 FALSE politics [25, 17, 15, 16, 44, 28, 49, 85, 35, 15, 6, 14, 46, 27, 17, 7, 9, 11, 14, 5, 14, 14, 3, 5]
r_1002 FALSE politics [1, 1, 0, 0, 0, 0, 0, 0, 0, 0, 0, 1, 0, 0, 0, 0, 0, 0, 0, 0, 0, 0, 0, 0]
r_1003 FALSE politics [17, 10, 9, 9, 4, 1, 0, 0, 0, 1, 1, 2, 4, 1, 10, 0, 1, 16, 15, 3, 4, 4, 0, 0]
r_1004 FALSE politics [1, 0, 0, 0, 0, 0, 0, 0, 0, 0, 0, 0, 0, 0, 0, 0, 0, 0, 0, 0, 0, 0, 0, 0]
r_1005 FALSE politics [4, 0, 0, 0, 0, 0, 0, 0, 0, 0, 0, 0, 0, 1, 0, 0, 0, 0, 0, 0, 0, 0, 0, 0]
r_1011 FALSE politics [9, 3, 0, 0, 0, 0, 0, 0, 0, 0, 1, 0, 0, 0, 0, 0, 0, 0, 0, 0, 0, 0, 0, 0]
r_1012 FALSE politics [9, 0, 0, 0, 0, 1, 0, 0, 1, 0, 0, 0, 0, 0, 0, 0, 0, 0, 0, 0, 0, 0, 0, 0]
r_1013 FALSE politics [7, 0, 0, 0, 0, 1, 0, 0, 0, 0, 1, 0, 0, 0, 0, 2, 0, 0, 0, 0, 0, 0, 0, 0]
r_1014 FALSE politics [9, 3, 0, 0, 0, 0, 0, 0, 0, 0, 0, 0, 0, 0, 0, 0, 0, 0, 1, 0, 0, 0, 0, 0]
r_1015 FALSE politics [6, 1, 1, 0, 1, 0, 0, 0, 0, 2, 0, 0, 0, 0, 0, 0, 0, 0, 0, 1, 0, 0, 0, 0]
r_1020 FALSE politics [4, 0, 0, 0, 1, 0, 0, 0, 0, 0, 0, 0, 0, 0, 0, 0, 0, 0, 0, 0, 0, 0, 0, 0]
r_1021 FALSE politics [4, 1, 1, 0, 0, 0, 0, 0, 0, 0, 0, 0, 0, 0, 0, 0, 0, 0, 0, 0, 0, 0, 0, 0]
r_1022 FALSE politics [5, 0, 1, 0, 0, 0, 0, 0, 0, 0, 0, 0, 0, 0, 0, 0, 0, 0, 0, 0, 0, 0, 0, 0]
r_1023 FALSE politics [6, 0, 0, 0, 0, 0, 0, 0, 0, 0, 0, 0, 0, 0, 0, 0, 0, 0, 0, 0, 0, 0, 0, 0]
r_1029 FALSE politics [5, 2, 0, 0, 0, 0, 0, 0, 0, 0, 0, 0, 0, 0, 0, 0, 0, 0, 0, 0, 0, 0, 0, 0]
r_1030 FALSE politics [3, 0, 0, 0, 0, 0, 0, 0, 0, 0, 0, 0, 0, 0, 0, 0, 0, 0, 0, 0, 0, 0, 0, 0]
r_1031 FALSE politics [7, 2, 1, 1, 0, 0, 2, 0, 0, 0, 0, 0, 0, 1, 0, 0, 0, 0, 0, 0, 0, 0, 0, 0]
r_1038 FALSE politics [5, 0, 0, 1, 0, 0, 0, 0, 0, 0, 0, 0, 0, 0, 0, 0, 0, 0, 0, 0, 0, 0, 0, 0]
r_1039 FALSE politics [3, 0, 2, 0, 1, 0, 0, 0, 0, 0, 2, 0, 0, 0, 1, 0, 0, 1, 0, 2, 0, 0, 0, 1]
r_1040 FALSE politics [2, 0, 2, 1, 0, 0, 0, 0, 0, 0, 0, 1, 0, 0, 0, 0, 0, 0, 0, 0, 0, 0, 0, 0]
r_1041 FALSE politics [14, 1, 0, 2, 5, 0, 0, 0, 0, 0, 0, 0, 0, 0, 0, 1, 3, 1, 1, 0, 0, 0, 0, 0]
r_1042 FALSE politics [2, 0, 0, 0, 0, 0, 0, 0, 0, 0, 0, 1, 0, 0, 0, 0, 0, 0, 0, 0, 0, 0, 0, 0]
r_1043 FALSE politics [2, 0, 0, 0, 0, 5, 0, 0, 0, 0, 0, 0, 0, 0, 0, 0, 0, 0, 0, 0, 0, 0, 0, 0]
r_1044 FALSE politics [12, 0, 0, 0, 0, 0, 0, 0, 0, 0, 0, 0, 0, 0, 0, 0, 0, 0, 0, 0, 0, 0, 0, 0]
r_1050 FALSE politics [14, 1, 5, 0, 0, 0, 1, 1, 1, 1, 3, 1, 0, 0, 0, 0, 0, 0, 0, 31, 29, 17, 9, 2]
r_1051 FALSE politics [127, 58, 33, 21, 14, 11, 10, 5, 3, 3, 2, 2, 2, 2, 0, 3, 3, 6, 12, 18, 0, 1, 1, 2]
r_1054 FALSE politics [4, 1, 0, 1, 0, 0, 0, 0, 0, 0, 0, 1, 0, 0, 0, 0, 0, 0, 0, 0, 0, 0, 0, 0]
r_1055 FALSE politics [5, 0, 0, 2, 0, 0, 0, 0, 0, 0, 0, 0, 0, 0, 0, 0, 0, 0, 0, 0, 0, 0, 0, 0]
r_1056 FALSE politics [7, 0, 0, 0, 0, 0, 0, 0, 0, 0, 0, 0, 0, 0, 0, 0, 0, 0, 0, 0, 0, 0, 0, 0]
r_1057 FALSE politics [2, 5, 0, 0, 0, 0, 0, 0, 0, 0, 0, 0, 0, 0, 0, 0, 0, 5, 2, 1, 0, 0, 0, 0]
r_1058 FALSE politics [7, 1, 0, 0, 0, 0, 0, 0, 0, 0, 0, 0, 0, 0, 0, 0, 0, 0, 0, 0, 0, 0, 0, 0]
r_1059 FALSE politics [5, 0, 1, 0, 0, 0, 0, 2, 0, 0, 0, 0, 0, 0, 0, 0, 0, 0, 0, 0, 0, 0, 0, 0]
r_1062 FALSE politics [8, 3, 0, 1, 0, 0, 0, 0, 0, 0, 0, 0, 0, 0, 0, 0, 0, 0, 0, 4, 0, 0, 0, 0]
r_1063 FALSE politics [7, 1, 3, 0, 0, 2, 0, 0, 0, 1, 0, 0, 0, 0, 1, 0, 0, 0, 1, 0, 0, 0, 0, 0]
r_1064 FALSE politics [15, 0, 0, 0, 0, 0, 0, 0, 0, 0, 0, 0, 0, 0, 0, 0, 0, 0, 0, 0, 0, 0, 0, 0]
r_1065 FALSE politics [8, 3, 1, 1, 1, 0, 0, 1, 0, 0, 0, 0, 0, 0, 0, 1, 0, 0, 0, 0, 0, 0, 0, 0]
r_1066 FALSE politics [8, 3, 0, 0, 0, 2, 1, 0, 1, 0, 0, 0, 0, 0, 0, 0, 0, 0, 0, 2, 0, 0, 0, 0]
r_1079 FALSE politics [3, 1, 0, 0, 0, 0, 0, 0, 0, 0, 0, 0, 0, 0, 0, 0, 0, 0, 0, 0, 0, 0, 0, 0]
r_1081 FALSE politics [6, 0, 0, 0, 0, 0, 0, 0, 0, 0, 0, 0, 0, 0, 0, 0, 0, 0, 0, 0, 0, 1, 0, 0]
r_1082 FALSE politics [6, 0, 0, 0, 0, 0, 0, 0, 0, 0, 0, 0, 0, 0, 0, 0, 0, 0, 0, 0, 0, 0, 0, 0]
r_1083 FALSE politics [6, 1, 0, 0, 0, 1, 0, 0, 0, 0, 0, 0, 0, 0, 0, 0, 0, 0, 0, 0, 0, 0, 0, 0]
r_1084 FALSE politics [4, 2, 0, 0, 0, 0, 0, 1, 0, 0, 0, 0, 0, 0, 0, 0, 0, 0, 1, 0, 0, 0, 0, 0]
r_1085 FALSE politics [9, 0, 0, 0, 0, 0, 0, 0, 0, 0, 0, 0, 0, 0, 0, 0, 0, 0, 0, 0, 0, 0, 0, 0]
r_1086 FALSE politics [7, 1, 1, 0, 0, 0, 0, 0, 0, 0, 0, 0, 0, 0, 0, 0, 0, 0, 0, 0, 0, 0, 0, 0]
r_1087 FALSE politics [2, 0, 1, 0, 2, 0, 0, 0, 0, 0, 0, 0, 0, 0, 0, 0, 0, 956, 470, 344, 268, 225, 149, 195]
r_1091 FALSE politics [9, 1, 2, 0, 0, 2, 0, 0, 1, 0, 0, 0, 0, 0, 0, 0, 0, 0, 0, 0, 0, 0, 1, 0]
r_1092 FALSE politics [9, 2, 3, 0, 0, 0, 0, 1, 0, 0, 0, 0, 0, 0, 0, 1, 0, 0, 0, 0, 0, 0, 0, 0]
r_1099 FALSE politics [4, 0, 2, 0, 1, 0, 0, 0, 1, 0, 0, 0, 0, 0, 0, 0, 0, 0, 0, 0, 0, 0, 0, 1]
r_11 FALSE politics [1, 0, 0, 0, 0, 1, 0, 0, 0, 0, 0, 0, 0, 0, 0, 0, 0, 0, 0, 0, 0, 0, 0, 0]
r_1101 FALSE politics [9, 3, 1, 1, 1, 0, 0, 1, 1, 0, 0, 0, 0, 0, 0, 0, 0, 0, 0, 0, 0, 0, 0, 0]
r_1102 FALSE politics [12, 2, 2, 2, 0, 0, 1, 0, 0, 0, 0, 0, 0, 1, 0, 0, 0, 0, 0, 0, 0, 0, 0, 0]
r_1103 FALSE politics [10, 3, 0, 0, 0, 1, 0, 0, 0, 0, 0, 0, 0, 0, 0, 0, 0, 0, 0, 0, 0, 0, 0, 0]
r_1108 FALSE politics [5, 0, 0, 0, 0, 0, 0, 0, 0, 0, 4, 0, 0, 0, 0, 0, 0, 1, 0, 0, 0, 0, 0, 0]
r_1109 FALSE politics [9, 0, 0, 0, 0, 0, 0, 0, 0, 0, 0, 0, 0, 0, 0, 0, 0, 0, 0, 0, 0, 0, 0, 0]
r_1110 FALSE politics [17, 2, 3, 0, 1, 1, 1, 2, 1, 0, 2, 0, 0, 0, 0, 0, 0, 0, 0, 0, 0, 0, 0, 0]
r_1111 FALSE politics [1, 0, 0, 0, 0, 0, 0, 0, 0, 0, 0, 0, 0, 0, 0, 0, 0, 0, 0, 0, 0, 0, 0, 0]
r_1112 FALSE politics [5, 3, 0, 0, 0, 1, 0, 0, 0, 1, 0, 0, 0, 0, 0, 0, 0, 0, 0, 0, 2, 0, 0, 0]
r_1113 FALSE politics [4, 0, 0, 0, 0, 3, 0, 3, 0, 1, 0, 0, 0, 0, 0, 0, 0, 0, 0, 0, 0, 0, 0, 0]
r_1119 FALSE politics [4, 5, 0, 0, 0, 0, 0, 0, 0, 0, 0, 0, 0, 0, 0, 0, 0, 0, 0, 0, 0, 0, 0, 0]
r_1120 FALSE politics [13, 2, 1, 0, 1, 0, 0, 0, 0, 0, 2, 0, 0, 0, 0, 0, 0, 0, 0, 0, 0, 0, 0, 0]
r_1121 FALSE politics [9, 1, 2, 1, 0, 2, 0, 0, 0, 0, 0, 0, 0, 0, 0, 2, 0, 0, 0, 1, 0, 0, 0, 0]
r_1125 FALSE politics [5, 0, 0, 0, 0, 0, 0, 0, 0, 0, 0, 0, 0, 0, 0, 0, 0, 0, 0, 0, 0, 0, 0, 0]
r_1127 FALSE politics [9, 2, 0, 0, 0, 0, 0, 1, 0, 0, 0, 0, 0, 0, 0, 0, 0, 0, 0, 0, 0, 0, 0, 0]
r_1128 FALSE politics [11, 0, 0, 0, 0, 0, 0, 0, 0, 0, 0, 0, 0, 0, 0, 1, 0, 0, 0, 0, 0, 0, 0, 0]
r_1129 FALSE politics [11, 1, 0, 0, 0, 0, 0, 0, 0, 0, 0, 0, 0, 0, 0, 0, 0, 0, 0, 0, 0, 0, 0, 0]
r_1130 FALSE politics [14, 10, 4, 2, 85, 118, 40, 21, 11, 9, 12, 7, 10, 12, 24, 8, 8, 2, 0, 4, 1, 8, 16, 7]
r_1131 FALSE politics [9, 0, 2, 1, 0, 0, 0, 0, 0, 0, 0, 0, 0, 0, 0, 0, 0, 0, 0, 0, 0, 0, 0, 0]
r_1132 FALSE politics [8, 2, 0, 0, 0, 0, 1, 0, 0, 1, 0, 0, 0, 0, 0, 0, 0, 0, 0, 0, 0, 0, 0, 0]
r_1136 FALSE politics [3, 1, 1, 1, 0, 0, 0, 1, 0, 0, 0, 0, 0, 0, 0, 0, 0, 0, 0, 0, 0, 0, 0, 0]
r_1137 FALSE politics [4, 0, 0, 0, 0, 1, 4, 2, 0, 0, 0, 0, 0, 0, 0, 0, 0, 0, 0, 0, 0, 0, 0, 0]
r_1138 FALSE politics [18, 0, 0, 0, 0, 1, 3, 1, 6, 1, 0, 1, 1, 0, 0, 0, 0, 0, 0, 0, 0, 0, 0, 0]
r_1139 FALSE politics [2, 0, 0, 0, 0, 2, 1, 4, 0, 0, 0, 0, 0, 0, 0, 0, 0, 0, 0, 0, 1, 0, 0, 0]
r_1140 FALSE politics [3, 0, 1, 1, 0, 0, 0, 0, 0, 0, 0, 0, 0, 0, 0, 1, 0, 0, 0, 0, 0, 0, 0, 0]
r_1141 FALSE politics [1, 6, 0, 0, 0, 0, 0, 0, 0, 0, 0, 0, 0, 0, 0, 0, 0, 0, 0, 0, 0, 0, 0, 0]
r_1142 FALSE politics [44, 1, 1, 0, 0, 0, 0, 0, 0, 0, 0, 0, 0, 0, 0, 0, 0, 0, 0, 0, 0, 0, 0, 0]
r_1144 FALSE politics [22, 5, 2, 3, 1, 1, 1, 1, 0, 0, 0, 0, 0, 0, 0, 1, 0, 0, 1, 0, 0, 0, 0, 0]
r_1145 FALSE politics [12, 1, 0, 1, 0, 1, 0, 0, 0, 0, 0, 0, 0, 0, 0, 0, 0, 0, 0, 0, 0, 0, 0, 0]
r_1147 FALSE politics [5, 2, 0, 0, 0, 0, 0, 0, 0, 0, 0, 0, 0, 0, 3, 1, 0, 0, 0, 0, 0, 0, 0, 0]
r_1148 FALSE politics [9, 1, 0, 0, 1, 0, 0, 0, 0, 0, 0, 0, 0, 0, 0, 0, 0, 0, 0, 0, 0, 0, 0, 0]
r_1149 FALSE politics [10, 0, 0, 0, 0, 0, 0, 0, 0, 0, 0, 0, 1, 0, 0, 0, 0, 0, 0, 0, 0, 0, 0, 0]
r_1150 FALSE politics [7, 0, 4, 0, 0, 1, 0, 0, 0, 0, 0, 0, 0, 0, 0, 0, 0, 0, 0, 0, 0, 0, 0, 0]
r_1151 FALSE politics [6, 1, 0, 0, 0, 0, 0, 0, 0, 0, 0, 0, 0, 0, 3, 0, 0, 0, 0, 0, 0, 0, 0, 2]
r_1153 FALSE politics [9, 1, 2, 0, 0, 0, 0, 0, 0, 0, 0, 0, 0, 0, 0, 0, 0, 0, 0, 0, 0, 0, 0, 0]
r_1156 FALSE politics [7, 0, 0, 1, 1, 0, 0, 0, 0, 0, 0, 0, 0, 0, 0, 0, 1, 0, 0, 0, 0, 0, 0, 0]
r_1157 FALSE politics [10, 3, 0, 0, 0, 0, 0, 0, 0, 0, 0, 0, 0, 0, 0, 0, 0, 0, 0, 0, 0, 0, 0, 0]
r_1161 FALSE politics [10, 2, 0, 0, 0, 0, 0, 0, 0, 0, 0, 0, 0, 0, 0, 0, 0, 0, 0, 0, 0, 0, 0, 0]
r_1162 FALSE politics [10, 1, 0, 0, 0, 1, 0, 1, 0, 0, 0, 0, 0, 0, 0, 0, 0, 0, 0, 0, 0, 0, 0, 0]
r_1163 FALSE politics [8, 3, 0, 1, 0, 0, 0, 0, 0, 0, 0, 0, 0, 0, 0, 0, 0, 0, 0, 0, 0, 0, 0, 0]
r_1166 FALSE politics [16, 2, 0, 1, 1, 0, 0, 2, 0, 0, 0, 0, 0, 0, 0, 0, 0, 0, 0, 0, 0, 0, 0, 0]
r_1167 FALSE politics [11, 1, 1, 0, 0, 0, 0, 0, 0, 0, 0, 0, 0, 0, 0, 0, 0, 0, 0, 0, 0, 0, 0, 0]
r_1169 FALSE politics [6, 2, 0, 0, 0, 0, 0, 0, 0, 0, 0, 0, 0, 0, 0, 0, 0, 0, 0, 0, 0, 0, 0, 0]
r_1172 FALSE politics [2, 2, 0, 0, 0, 0, 0, 0, 0, 0, 0, 0, 0, 0, 0, 0, 0, 0, 0, 0, 0, 0, 0, 0]
r_1173 FALSE politics [4, 0, 0, 0, 0, 0, 0, 0, 0, 0, 0, 0, 0, 0, 0, 0, 0, 0, 0, 0, 0, 0, 0, 0]
r_1174 FALSE politics [4, 0, 0, 0, 0, 0, 0, 0, 0, 0, 0, 0, 0, 0, 0, 0, 0, 0, 0, 0, 0, 0, 0, 0]
r_1176 FALSE politics [10, 0, 0, 0, 2, 0, 1, 0, 0, 0, 0, 0, 0, 0, 0, 0, 0, 0, 0, 0, 0, 0, 0, 0]
r_1177 FALSE politics [6, 0, 0, 6, 0, 0, 1, 1, 0, 0, 0, 0, 0, 0, 0, 0, 0, 0, 1, 0, 0, 0, 0, 0]
r_1178 FALSE politics [7, 3, 2, 1, 1, 0, 0, 1, 0, 0, 0, 0, 0, 0, 0, 0, 0, 0, 0, 0, 0, 0, 0, 0]
r_1179 FALSE politics [13, 0, 1, 1, 0, 0, 0, 0, 0, 0, 0, 0, 0, 0, 0, 0, 0, 0, 0, 0, 0, 0, 0, 0]
r_1183 FALSE politics [21, 0, 0, 1, 0, 0, 0, 1, 0, 0, 0, 0, 0, 0, 0, 0, 0, 0, 0, 0, 0, 0, 0, 0]
r_1188 FALSE politics [19, 4, 6, 2, 1, 1, 1, 0, 0, 0, 0, 0, 0, 1, 0, 0, 0, 0, 1, 0, 0, 0, 0, 0]
r_1189 FALSE politics [12, 1, 0, 0, 1, 0, 0, 0, 0, 0, 1, 0, 0, 0, 0, 0, 0, 0, 0, 0, 0, 0, 0, 0]
r_1190 FALSE politics [10, 1, 0, 0, 0, 0, 0, 0, 0, 0, 0, 0, 1, 1, 0, 0, 0, 0, 0, 0, 0, 0, 2, 0]
r_1191 FALSE politics [1, 0, 0, 0, 0, 0, 0, 0, 0, 0, 0, 0, 0, 0, 0, 0, 0, 0, 0, 0, 0, 0, 0, 0]
r_1192 FALSE politics [11, 0, 0, 0, 1, 0, 0, 2, 0, 2, 1, 0, 0, 2, 0, 0, 0, 0, 0, 0, 0, 0, 0, 0]
r_1194 FALSE politics [10, 5, 0, 0, 0, 0, 0, 0, 0, 1, 0, 0, 0, 0, 0, 0, 0, 0, 0, 0, 0, 0, 0, 0]
r_1195 FALSE politics [9, 0, 2, 0, 1, 2, 0, 0, 0, 0, 0, 0, 0, 0, 0, 0, 0, 0, 0, 0, 0, 0, 0, 1]
r_1196 FALSE politics [15, 1, 0, 0, 0, 0, 0, 0, 0, 0, 0, 0, 0, 0, 0, 0, 0, 0, 0, 0, 0, 0, 0, 0]
r_1199 FALSE politics [3, 1, 0, 0, 0, 0, 1, 5, 0, 0, 0, 0, 0, 0, 0, 0, 0, 0, 0, 0, 0, 0, 0, 0]
r_120 FALSE politics [3, 1, 0, 0, 0, 0, 0, 0, 0, 0, 0, 0, 11, 0, 0, 1, 0, 0, 0, 0, 0, 0, 1, 0]
r_1201 FALSE politics [17, 1, 1, 2, 1, 0, 0, 0, 0, 0, 0, 0, 0, 0, 1, 0, 0, 0, 0, 0, 0, 0, 0, 0]
r_1202 FALSE politics [18, 0, 0, 2, 1, 1, 1, 0, 0, 0, 0, 0, 0, 0, 0, 0, 0, 0, 0, 0, 0, 0, 0, 0]
r_1204 FALSE politics [6, 2, 0, 2, 0, 3, 0, 0, 0, 0, 0, 0, 0, 0, 0, 0, 1, 0, 0, 0, 0, 0, 0, 0]
r_1205 FALSE politics [12, 1, 0, 0, 0, 1, 1, 0, 0, 0, 0, 0, 0, 0, 0, 0, 0, 0, 0, 0, 0, 0, 0, 0]
r_1206 FALSE politics [5, 0, 0, 1, 2, 0, 0, 0, 0, 0, 0, 0, 0, 0, 0, 0, 4, 2, 0, 0, 0, 0, 1, 0]
r_1207 FALSE politics [7, 5, 2, 1, 1, 0, 0, 0, 0, 0, 0, 0, 0, 0, 0, 0, 0, 0, 0, 0, 0, 0, 0, 0]
r_121 FALSE politics [2, 0, 0, 0, 0, 0, 0, 0, 0, 0, 0, 0, 0, 0, 0, 1, 1, 2, 1, 0, 2, 0, 0, 0]
r_1211 FALSE politics [6, 5, 0, 1, 0, 0, 2, 0, 0, 0, 0, 0, 0, 0, 0, 0, 0, 0, 0, 0, 0, 0, 0, 0]
r_1212 FALSE politics [11, 2, 0, 0, 0, 0, 0, 0, 0, 0, 0, 1, 0, 0, 0, 0, 0, 0, 0, 0, 0, 0, 0, 0]
r_1217 FALSE politics [10, 3, 2, 1, 0, 0, 0, 0, 0, 0, 0, 0, 0, 0, 0, 0, 1, 0, 0, 0, 0, 0, 0, 0]
r_1218 FALSE politics [5, 10, 2, 2, 1, 2, 1, 7, 1, 2, 0, 0, 0, 0, 0, 0, 1, 0, 0, 0, 0, 0, 0, 0]
r_1220 FALSE politics [19, 2, 1, 2, 0, 0, 0, 0, 0, 0, 0, 0, 0, 0, 0, 0, 0, 0, 0, 0, 0, 0, 0, 0]
r_1224 FALSE politics [10, 2, 0, 0, 0, 0, 0, 0, 0, 0, 0, 0, 0, 0, 0, 0, 0, 0, 0, 0, 0, 0, 0, 1]
r_1225 FALSE politics [2, 0, 1, 1, 0, 1, 0, 0, 0, 0, 0, 0, 0, 0, 0, 0, 0, 0, 0, 0, 0, 0, 0, 0]
r_1226 FALSE politics [15, 0, 0, 0, 0, 0, 0, 0, 0, 0, 0, 0, 0, 0, 0, 0, 0, 0, 0, 0, 0, 0, 0, 0]
r_1227 FALSE politics [30, 0, 0, 1, 0, 0, 0, 0, 0, 0, 0, 0, 0, 0, 0, 1, 0, 0, 0, 0, 0, 0, 0, 0]
r_1228 FALSE politics [6, 0, 0, 0, 0, 0, 0, 0, 0, 0, 0, 0, 0, 0, 0, 0, 0, 0, 0, 0, 0, 0, 0, 0]
r_1230 FALSE politics [16, 0, 0, 0, 0, 0, 1, 0, 0, 0, 0, 0, 0, 0, 0, 0, 0, 0, 0, 0, 0, 0, 0, 0]
r_1231 FALSE politics [13, 1, 3, 0, 0, 1, 0, 0, 0, 0, 0, 0, 0, 0, 0, 0, 0, 0, 0, 0, 0, 0, 0, 0]
r_1234 FALSE politics [117, 62, 41, 36, 16, 24, 14, 7, 3, 4, 8, 13, 5, 6, 2, 1, 0, 0, 0, 0, 1, 0, 0, 0]
r_1235 FALSE politics [5, 4, 7, 0, 0, 0, 0, 1, 0, 0, 0, 0, 0, 0, 0, 0, 0, 0, 0, 0, 0, 0, 0, 0]
r_1236 FALSE politics [18, 2, 1, 0, 0, 0, 0, 0, 1, 0, 0, 0, 0, 1, 1, 1, 0, 0, 0, 0, 0, 0, 0, 0]
r_1238 FALSE politics [11, 2, 1, 0, 0, 0, 0, 0, 0, 0, 0, 0, 0, 0, 0, 0, 0, 0, 0, 0, 0, 0, 0, 0]
r_1240 FALSE politics [11, 3, 1, 0, 0, 0, 0, 0, 0, 0, 0, 0, 2, 0, 0, 0, 0, 0, 0, 0, 0, 0, 0, 0]
r_1242 FALSE politics [1, 0, 0, 0, 0, 0, 0, 0, 0, 0, 0, 0, 0, 0, 0, 0, 0, 0, 0, 0, 0, 0, 0, 0]
r_1243 FALSE politics [14, 0, 1, 1, 0, 0, 0, 0, 0, 1, 0, 0, 0, 1, 0, 0, 0, 0, 0, 0, 0, 0, 0, 0]
r_1244 FALSE politics [5, 1, 1, 1, 3, 0, 0, 1, 4, 0, 1, 0, 1, 1, 0, 0, 0, 0, 0, 0, 0, 0, 0, 0]
r_1245 FALSE politics [73, 44, 29, 26, 24, 21, 4, 0, 2, 4, 3, 5, 6, 6, 4, 8, 2, 1, 1, 4, 1, 2, 0, 3]
r_1250 FALSE politics [20, 2, 3, 2, 0, 0, 0, 0, 0, 0, 0, 0, 0, 0, 0, 0, 0, 0, 0, 0, 0, 0, 0, 0]
r_1253 FALSE politics [14, 3, 0, 0, 0, 0, 0, 0, 0, 0, 0, 0, 0, 0, 0, 0, 0, 0, 0, 0, 0, 0, 0, 0]
r_1254 FALSE politics [14, 0, 1, 1, 0, 0, 1, 0, 0, 0, 0, 0, 0, 0, 0, 0, 0, 0, 0, 0, 0, 0, 0, 0]
r_1256 FALSE politics [11, 2, 1, 0, 0, 1, 0, 1, 0, 0, 0, 0, 0, 1, 0, 0, 0, 0, 0, 0, 0, 0, 0, 0]
r_1258 FALSE politics [4, 0, 1, 2, 0, 0, 0, 2, 2, 0, 0, 0, 0, 0, 0, 0, 0, 0, 0, 0, 0, 1, 3, 0]
r_1259 FALSE politics [13, 1, 2, 0, 1, 0, 0, 0, 0, 0, 0, 0, 0, 0, 0, 0, 1, 0, 1, 0, 0, 0, 0, 0]
r_1261 FALSE politics [14, 2, 1, 0, 0, 1, 2, 0, 0, 0, 0, 0, 0, 0, 0, 0, 0, 0, 0, 0, 0, 0, 0, 0]
r_1263 FALSE politics [3, 2, 0, 0, 0, 0, 0, 0, 0, 0, 0, 0, 0, 0, 0, 0, 0, 0, 0, 0, 0, 0, 0, 0]
r_1264 FALSE politics [3, 1, 0, 0, 0, 0, 0, 1, 0, 0, 2, 0, 0, 0, 0, 0, 0, 0, 1, 1, 6, 2, 0, 2]
r_1265 FALSE politics [10, 1, 3, 0, 1, 1, 0, 2, 0, 0, 0, 1, 0, 0, 0, 0, 0, 0, 0, 0, 0, 0, 0, 0]
r_1266 FALSE politics [12, 2, 1, 2, 2, 0, 0, 0, 0, 0, 0, 0, 0, 0, 0, 0, 0, 0, 0, 0, 0, 0, 0, 0]
r_1267 FALSE politics [15, 1, 2, 0, 0, 0, 0, 0, 0, 0, 0, 1, 0, 0, 0, 0, 0, 0, 0, 0, 0, 0, 0, 0]
r_1268 FALSE politics [6, 0, 0, 0, 1, 0, 0, 0, 0, 0, 0, 0, 0, 0, 0, 0, 0, 0, 0, 0, 0, 0, 0, 0]
r_1269 FALSE politics [2, 5, 0, 0, 0, 0, 0, 0, 0, 0, 0, 0, 0, 0, 0, 0, 0, 0, 0, 0, 0, 0, 0, 0]
r_1270 FALSE politics [18, 0, 1, 0, 1, 0, 0, 0, 0, 0, 0, 0, 0, 0, 0, 0, 0, 0, 0, 0, 0, 0, 0, 0]
r_1272 FALSE politics [15, 1, 1, 0, 0, 1, 0, 0, 0, 0, 0, 1, 1, 0, 0, 0, 0, 0, 0, 0, 0, 0, 0, 0]
r_1273 FALSE politics [3, 0, 0, 0, 0, 0, 0, 0, 0, 0, 0, 0, 0, 0, 0, 0, 1, 0, 0, 0, 0, 0, 0, 0]
r_1274 FALSE politics [19, 0, 0, 0, 1, 1, 0, 0, 0, 0, 0, 0, 0, 0, 0, 0, 0, 0, 0, 0, 0, 0, 0, 0]
r_1275 FALSE politics [19, 1, 0, 0, 0, 0, 1, 0, 0, 0, 0, 0, 0, 0, 0, 0, 0, 0, 0, 0, 0, 0, 0, 0]
r_1276 FALSE politics [15, 1, 0, 0, 1, 0, 0, 0, 0, 1, 0, 0, 0, 0, 0, 1, 1, 0, 0, 0, 0, 0, 0, 0]
r_1278 FALSE politics [1, 0, 0, 0, 0, 16, 0, 0, 2, 0, 0, 0, 0, 0, 0, 0, 0, 0, 0, 0, 0, 0, 0, 0]
r_1279 FALSE politics [14, 2, 0, 1, 1, 0, 0, 0, 0, 0, 0, 0, 0, 0, 0, 0, 0, 0, 0, 0, 0, 0, 0, 0]
r_1281 FALSE politics [11, 4, 0, 1, 1, 2, 0, 1, 0, 0, 0, 0, 0, 0, 0, 0, 0, 0, 0, 0, 0, 0, 0, 0]
r_1282 FALSE politics [11, 1, 2, 0, 1, 1, 2, 0, 0, 0, 0, 0, 0, 0, 0, 0, 0, 0, 0, 0, 0, 0, 0, 0]
r_1283 FALSE politics [6, 2, 8, 2, 0, 0, 1, 0, 0, 0, 0, 0, 0, 0, 0, 0, 0, 0, 0, 0, 0, 0, 0, 1]
r_1285 FALSE politics [7, 1, 0, 0, 0, 0, 0, 0, 0, 0, 0, 0, 0, 0, 0, 0, 0, 0, 0, 0, 0, 0, 0, 0]
r_1286 FALSE politics [7, 0, 0, 0, 0, 0, 0, 1, 0, 0, 0, 0, 0, 0, 0, 0, 0, 0, 0, 0, 0, 0, 0, 0]
r_1288 FALSE politics [3, 0, 0, 0, 0, 0, 0, 0, 0, 0, 0, 0, 0, 0, 0, 0, 0, 0, 0, 0, 0, 0, 0, 0]
r_1290 FALSE politics [9, 1, 8, 0, 0, 0, 1, 0, 0, 0, 0, 0, 1, 1, 0, 0, 0, 0, 0, 0, 0, 0, 0, 0]
r_1291 FALSE politics [13, 1, 0, 3, 0, 0, 0, 1, 0, 0, 1, 0, 0, 0, 0, 0, 0, 0, 0, 0, 0, 0, 0, 0]
r_1292 FALSE politics [16, 2, 1, 1, 0, 0, 0, 0, 0, 0, 0, 0, 1, 1, 0, 0, 0, 0, 0, 0, 0, 0, 0, 0]
r_1293 FALSE politics [15, 2, 0, 1, 0, 0, 0, 0, 0, 0, 0, 0, 0, 0, 0, 0, 0, 0, 0, 1, 0, 1, 0, 0]
r_1294 FALSE politics [17, 0, 0, 1, 1, 0, 0, 0, 0, 0, 0, 0, 1, 0, 0, 0, 0, 0, 0, 0, 0, 0, 1, 0]
r_1295 FALSE politics [7, 3, 0, 0, 0, 0, 5, 2, 1, 0, 0, 1, 0, 0, 0, 0, 0, 0, 0, 0, 0, 0, 0, 0]
r_1298 FALSE politics [8, 0, 4, 1, 3, 0, 0, 0, 0, 0, 0, 0, 0, 0, 0, 1, 0, 0, 0, 0, 0, 0, 0, 0]
r_1299 FALSE politics [18, 2, 1, 1, 0, 0, 0, 0, 0, 0, 0, 0, 0, 0, 0, 1, 0, 0, 0, 0, 0, 0, 0, 0]
r_1302 FALSE politics [22, 0, 0, 0, 0, 0, 0, 0, 0, 0, 0, 0, 0, 0, 0, 0, 0, 0, 0, 0, 0, 0, 0, 0]
r_1303 FALSE politics [7, 2, 0, 0, 0, 0, 0, 0, 0, 0, 0, 0, 0, 0, 0, 0, 0, 0, 0, 0, 0, 0, 0, 0]
r_1305 FALSE politics [5, 0, 0, 0, 0, 0, 0, 0, 0, 4, 0, 0, 0, 0, 0, 0, 0, 0, 0, 0, 0, 0, 0, 0]
r_1308 FALSE politics [7, 5, 3, 3, 1, 0, 0, 0, 0, 2, 0, 0, 0, 0, 0, 0, 0, 0, 0, 0, 0, 0, 0, 1]
r_1311 FALSE politics [18, 0, 0, 0, 0, 1, 0, 0, 0, 1, 0, 0, 0, 0, 0, 0, 0, 0, 0, 0, 0, 0, 0, 0]
r_1313 FALSE politics [18, 0, 0, 0, 1, 0, 0, 0, 0, 0, 0, 0, 0, 0, 1, 3, 0, 0, 1, 0, 0, 0, 0, 0]
r_1314 FALSE politics [15, 3, 1, 0, 0, 2, 0, 0, 0, 0, 0, 0, 0, 0, 0, 0, 0, 0, 0, 0, 0, 0, 0, 0]
r_1315 FALSE politics [8, 6, 3, 3, 0, 1, 0, 1, 1, 0, 0, 1, 0, 0, 0, 0, 0, 0, 0, 0, 0, 0, 0, 0]
r_1317 FALSE politics [19, 4, 0, 0, 0, 0, 0, 0, 0, 0, 0, 0, 0, 0, 0, 0, 0, 0, 0, 0, 0, 0, 0, 0]
r_1318 FALSE politics [9, 11, 1, 0, 0, 1, 0, 0, 0, 0, 0, 0, 0, 0, 0, 0, 0, 0, 0, 0, 0, 0, 0, 0]
r_1320 FALSE politics [7, 1, 0, 0, 0, 0, 0, 0, 0, 0, 2, 0, 0, 0, 0, 0, 0, 0, 0, 0, 0, 0, 0, 0]
r_1321 FALSE politics [7, 1, 0, 0, 0, 0, 0, 2, 0, 0, 0, 0, 0, 0, 0, 0, 0, 0, 0, 0, 0, 0, 0, 0]
r_1323 FALSE politics [9, 0, 0, 0, 0, 1, 0, 0, 0, 0, 0, 0, 0, 0, 0, 0, 0, 0, 0, 0, 0, 0, 0, 0]
r_1324 FALSE politics [17, 2, 2, 1, 0, 0, 0, 0, 1, 1, 0, 0, 0, 0, 0, 0, 0, 0, 0, 0, 0, 0, 0, 0]
r_1325 FALSE politics [2, 0, 0, 0, 0, 0, 0, 0, 0, 0, 0, 0, 0, 0, 0, 0, 0, 0, 0, 0, 0, 0, 0, 0]
r_1327 FALSE politics [33, 0, 0, 0, 0, 0, 0, 0, 0, 0, 0, 0, 0, 0, 0, 0, 0, 0, 0, 0, 0, 0, 0, 0]
r_1329 FALSE politics [2924, 2266, 1930, 1660, 2173, 1459, 955, 684, 810, 909, 569, 514, 666, 404, 209, 85, 51, 25, 17, 30, 50, 75, 175, 219]
r_1332 FALSE politics [8, 1, 0, 0, 1, 0, 1, 0, 1, 0, 0, 0, 0, 0, 0, 0, 0, 0, 0, 0, 0, 0, 0, 0]
r_1336 FALSE politics [17, 2, 0, 0, 0, 1, 0, 0, 1, 1, 0, 0, 0, 0, 0, 3, 0, 0, 0, 0, 0, 0, 0, 0]
r_1337 FALSE politics [13, 4, 1, 4, 2, 1, 0, 0, 0, 0, 1, 0, 0, 0, 0, 0, 0, 0, 0, 0, 0, 0, 0, 0]
r_1338 FALSE politics [14, 3, 0, 1, 0, 0, 0, 1, 1, 1, 0, 0, 0, 0, 0, 4, 0, 0, 0, 0, 1, 0, 0, 0]
r_1341 FALSE politics [25, 7, 1, 0, 0, 0, 0, 0, 0, 0, 0, 0, 0, 0, 0, 0, 0, 0, 0, 0, 0, 0, 0, 0]
r_1343 FALSE politics [9, 0, 0, 0, 0, 0, 0, 0, 0, 0, 0, 0, 0, 0, 0, 0, 0, 0, 0, 0, 0, 0, 0, 0]
r_1344 FALSE politics [7, 6, 6, 2, 0, 2, 0, 0, 1, 0, 0, 0, 0, 0, 0, 0, 0, 0, 0, 0, 0, 0, 0, 0]
r_1345 FALSE politics [7, 9, 1, 0, 2, 2, 7, 0, 2, 1, 1, 1, 2, 0, 5, 2, 0, 0, 0, 0, 0, 0, 0, 1]
r_1346 FALSE politics [10, 0, 0, 0, 0, 0, 0, 0, 0, 0, 0, 0, 0, 0, 0, 0, 0, 0, 0, 0, 0, 0, 0, 0]
r_1348 FALSE politics [8, 0, 0, 2, 0, 0, 0, 7, 0, 3, 0, 0, 0, 1, 0, 0, 0, 0, 0, 0, 0, 0, 0, 0]
r_1349 FALSE politics [5, 4, 2, 0, 0, 0, 0, 0, 0, 0, 1, 0, 0, 0, 0, 0, 0, 0, 0, 0, 0, 0, 0, 0]
r_1358 FALSE politics [16, 4, 3, 4, 0, 0, 0, 0, 0, 0, 0, 0, 0, 0, 0, 0, 0, 0, 0, 0, 0, 0, 0, 0]
r_1360 FALSE politics [15, 2, 1, 0, 0, 0, 0, 0, 0, 0, 0, 0, 0, 0, 0, 0, 1, 0, 0, 0, 0, 0, 0, 0]
r_1362 FALSE politics [26, 5, 2, 3, 2, 2, 23, 5, 4, 2, 0, 0, 0, 0, 0, 2, 1, 2, 1, 0, 0, 0, 1, 0]
r_1363 FALSE politics [13, 0, 0, 0, 0, 0, 0, 0, 0, 0, 0, 0, 0, 0, 0, 0, 0, 0, 0, 0, 0, 0, 0, 0]
r_1366 FALSE politics [1, 0, 0, 0, 0, 0, 0, 0, 0, 0, 0, 0, 0, 0, 0, 0, 0, 0, 0, 0, 0, 0, 0, 0]
r_1369 FALSE politics [4, 0, 0, 0, 0, 1, 0, 0, 0, 1, 0, 0, 0, 0, 0, 1, 1, 0, 0, 0, 1, 0, 0, 0]
r_1370 FALSE politics [10, 0, 0, 0, 0, 0, 0, 0, 0, 0, 1, 0, 1, 0, 0, 0, 0, 0, 1, 0, 0, 0, 0, 0]
r_1371 FALSE politics [23, 3, 0, 0, 0, 0, 0, 0, 0, 0, 0, 0, 0, 0, 0, 0, 0, 0, 0, 0, 0, 0, 0, 0]
r_1373 FALSE politics [146, 71, 34, 4, 41, 15, 16, 8, 9, 12, 2, 6, 7, 1, 1, 0, 8, 12, 3, 2, 1, 5, 5, 4]
r_1374 FALSE politics [8, 2, 0, 0, 0, 0, 0, 0, 0, 0, 0, 0, 0, 1, 2, 0, 0, 0, 0, 0, 0, 0, 0, 0]
r_1375 FALSE politics [14, 1, 2, 1, 0, 0, 0, 0, 0, 0, 0, 0, 0, 0, 0, 0, 1, 0, 0, 0, 0, 0, 0, 0]
r_1378 FALSE politics [10, 3, 1, 0, 0, 0, 0, 0, 0, 0, 0, 0, 0, 0, 0, 0, 0, 0, 0, 0, 0, 0, 0, 0]
r_1380 FALSE politics [58, 27, 13, 17, 19, 5, 0, 1, 4, 17, 11, 8, 4, 10, 8, 2, 10, 1, 5, 3, 1, 4, 1, 5]
r_1381 FALSE politics [5, 0, 1, 0, 0, 0, 0, 0, 0, 0, 0, 0, 0, 1, 0, 0, 0, 0, 0, 0, 0, 0, 0, 0]
r_1382 FALSE politics [1, 0, 0, 0, 0, 0, 0, 0, 0, 0, 0, 0, 0, 0, 0, 1, 0, 0, 0, 0, 0, 0, 0, 0]
r_1386 FALSE politics [14, 2, 3, 1, 1, 0, 1, 0, 1, 1, 0, 0, 1, 1, 0, 0, 1, 0, 0, 0, 0, 0, 0, 0]
r_1387 FALSE politics [8, 0, 4, 1, 0, 0, 1, 0, 0, 0, 2, 0, 0, 1, 0, 0, 0, 0, 0, 0, 10, 1, 0, 0]
r_1391 FALSE politics [6, 0, 1, 0, 1, 0, 0, 0, 0, 0, 0, 5, 0, 0, 0, 0, 0, 0, 0, 0, 0, 0, 0, 0]
r_1393 FALSE politics [9, 5, 0, 0, 0, 0, 0, 0, 0, 0, 0, 1, 0, 0, 0, 0, 0, 0, 0, 0, 0, 0, 0, 0]
r_1394 FALSE politics [27, 0, 0, 1, 1, 0, 0, 0, 0, 0, 0, 0, 0, 0, 0, 0, 0, 0, 0, 0, 0, 0, 0, 0]
r_1396 FALSE politics [10, 6, 2, 3, 0, 0, 1, 0, 0, 0, 1, 0, 0, 2, 0, 0, 2, 0, 0, 0, 0, 0, 0, 0]
r_1397 FALSE politics [10, 5, 0, 1, 0, 0, 0, 0, 0, 0, 0, 0, 0, 0, 0, 0, 0, 0, 0, 0, 0, 0, 0, 0]
r_1398 FALSE politics [1, 0, 0, 0, 4, 2, 0, 3, 1, 0, 0, 0, 0, 0, 0, 0, 0, 0, 0, 0, 0, 0, 0, 0]
r_14 FALSE politics [479, 341, 124, 72, 37, 22, 6, 10, 35, 47, 76, 132, 104, 42, 83, 59, 25, 24, 15, 25, 17, 13, 58, 23]
r_1400 FALSE politics [16, 1, 1, 0, 0, 0, 0, 0, 0, 0, 0, 0, 0, 0, 0, 2, 0, 2, 0, 0, 1, 0, 0, 0]
r_1401 FALSE politics [17, 0, 0, 0, 0, 0, 0, 0, 0, 0, 0, 0, 0, 0, 0, 1, 0, 0, 0, 0, 0, 0, 0, 0]
r_1403 FALSE politics [6, 2, 2, 0, 0, 6, 4, 0, 0, 0, 1, 0, 0, 0, 0, 0, 0, 0, 0, 0, 0, 0, 1, 0]
r_1404 FALSE politics [12, 3, 0, 0, 0, 0, 0, 0, 0, 0, 0, 0, 0, 0, 0, 0, 0, 0, 0, 0, 0, 0, 0, 0]
r_1405 FALSE politics [6, 0, 5, 2, 0, 0, 1, 0, 1, 0, 0, 0, 0, 0, 0, 0, 0, 0, 0, 1, 0, 0, 0, 0]
r_1406 FALSE politics [8, 0, 1, 0, 1, 0, 0, 1, 1, 0, 0, 0, 0, 0, 0, 0, 0, 0, 0, 0, 0, 0, 0, 0]
r_1407 FALSE politics [25, 3, 3, 2, 1, 1, 0, 0, 2, 1, 0, 0, 0, 0, 0, 0, 0, 0, 0, 0, 0, 0, 0, 0]
r_1413 FALSE politics [14, 1, 3, 0, 0, 0, 0, 0, 0, 0, 0, 0, 0, 0, 0, 0, 0, 0, 0, 0, 0, 0, 0, 0]
r_1414 FALSE politics [25, 2, 1, 1, 0, 0, 0, 0, 0, 0, 2, 1, 0, 0, 0, 0, 0, 0, 0, 0, 0, 0, 0, 0]
r_1415 FALSE politics [11, 2, 0, 0, 0, 0, 0, 0, 0, 0, 0, 1, 0, 0, 0, 1, 0, 0, 0, 0, 0, 0, 0, 0]
r_1416 FALSE politics [14, 1, 11, 10, 2, 9, 3, 0, 0, 0, 0, 0, 0, 1, 2, 7, 24, 31, 27, 12, 6, 7, 6, 5]
r_1417 FALSE politics [22, 2, 6, 1, 0, 0, 0, 0, 0, 0, 0, 0, 0, 0, 0, 0, 0, 0, 0, 0, 0, 0, 0, 0]
r_1418 FALSE politics [16, 3, 1, 0, 0, 4, 3, 3, 0, 0, 0, 0, 0, 0, 0, 0, 0, 0, 0, 0, 0, 0, 0, 0]
r_1419 FALSE politics [11, 2, 0, 0, 0, 0, 0, 0, 0, 0, 0, 0, 0, 0, 0, 0, 0, 0, 0, 0, 0, 0, 0, 0]
r_1420 FALSE politics [8, 0, 0, 0, 0, 0, 0, 0, 3, 4, 1, 0, 0, 0, 0, 0, 0, 0, 0, 0, 0, 0, 0, 0]
r_1421 FALSE politics [31, 0, 1, 0, 0, 0, 0, 0, 0, 0, 0, 0, 0, 0, 0, 0, 0, 0, 0, 0, 0, 0, 0, 0]
r_1422 FALSE politics [13, 4, 1, 0, 3, 1, 0, 0, 0, 0, 0, 0, 0, 0, 0, 0, 0, 0, 0, 1, 0, 0, 0, 0]
r_1423 FALSE politics [8, 2, 4, 0, 2, 0, 0, 0, 0, 0, 1, 1, 0, 0, 0, 0, 0, 0, 0, 0, 0, 0, 0, 0]
r_1424 FALSE politics [17, 2, 2, 0, 0, 3, 0, 0, 1, 0, 0, 0, 0, 0, 0, 0, 0, 0, 0, 0, 0, 0, 0, 0]
r_1425 FALSE politics [23, 5, 1, 0, 0, 0, 0, 0, 1, 0, 0, 2, 0, 0, 0, 0, 0, 0, 0, 0, 0, 0, 0, 0]
r_1427 FALSE politics [28, 0, 1, 2, 0, 0, 1, 1, 0, 0, 0, 0, 0, 0, 0, 0, 0, 0, 0, 1, 0, 0, 0, 0]
r_1431 FALSE politics [14, 3, 0, 0, 0, 0, 0, 0, 0, 0, 0, 0, 0, 0, 0, 1, 0, 0, 0, 0, 0, 0, 0, 0]
r_1435 FALSE politics [19, 0, 0, 0, 1, 0, 1, 3, 0, 1, 0, 0, 0, 0, 4, 0, 0, 0, 0, 0, 0, 0, 0, 0]
r_1437 FALSE politics [18, 0, 1, 0, 22, 23, 6, 1, 0, 1, 1, 1, 4, 0, 0, 0, 0, 0, 0, 0, 0, 0, 0, 0]
r_1439 FALSE politics [3, 2, 0, 0, 0, 0, 0, 0, 0, 0, 0, 0, 0, 0, 0, 0, 0, 0, 0, 0, 0, 0, 0, 0]
r_1440 FALSE politics [10, 0, 0, 0, 2, 0, 0, 0, 0, 0, 0, 0, 0, 0, 1, 0, 1, 0, 0, 0, 0, 0, 0, 0]
r_1441 FALSE politics [8, 10, 1, 0, 0, 0, 0, 1, 0, 0, 0, 0, 1, 0, 0, 0, 0, 0, 0, 1, 0, 0, 0, 0]
r_1443 FALSE politics [29, 4, 0, 1, 0, 0, 0, 0, 0, 0, 0, 0, 0, 0, 0, 0, 0, 0, 0, 0, 0, 0, 0, 0]
r_1446 FALSE politics [16, 1, 2, 1, 1, 0, 0, 0, 0, 0, 0, 0, 0, 0, 0, 0, 0, 0, 0, 0, 0, 0, 0, 0]
r_1447 FALSE politics [4, 5, 9, 4, 2, 5, 0, 3, 0, 2, 0, 0, 0, 0, 0, 0, 0, 0, 0, 0, 0, 0, 0, 0]
r_1448 FALSE politics [21, 9, 2, 1, 1, 0, 2, 0, 1, 0, 0, 0, 1, 0, 0, 0, 0, 0, 1, 0, 0, 0, 0, 0]
r_1450 FALSE politics [26, 1, 1, 1, 0, 0, 0, 1, 0, 2, 1, 1, 0, 0, 0, 0, 0, 0, 0, 0, 0, 0, 0, 0]
r_1452 FALSE politics [30, 6, 0, 0, 0, 0, 0, 0, 0, 0, 0, 0, 0, 0, 0, 0, 0, 0, 0, 0, 0, 0, 0, 0]
r_1453 FALSE politics [16, 11, 0, 0, 17, 2, 12, 6, 4, 2, 3, 32, 4, 0, 1, 0, 4, 0, 34, 128, 56, 33, 41, 25]
r_1454 FALSE politics [20, 1, 0, 0, 0, 0, 0, 0, 0, 0, 0, 0, 0, 0, 0, 0, 0, 0, 0, 0, 0, 0, 0, 0]
r_1455 FALSE politics [27, 0, 0, 1, 0, 0, 0, 0, 0, 0, 0, 0, 0, 0, 0, 0, 0, 0, 1, 0, 0, 0, 0, 0]
r_1461 FALSE politics [22, 3, 0, 3, 0, 2, 1, 1, 1, 1, 0, 0, 1, 0, 1, 0, 0, 0, 0, 0, 1, 0, 0, 0]
r_1463 FALSE politics [32, 1, 2, 0, 0, 0, 0, 1, 0, 0, 0, 0, 0, 0, 0, 0, 0, 0, 0, 1, 0, 0, 0, 0]
r_1464 FALSE politics [25, 3, 1, 0, 0, 0, 0, 0, 0, 0, 0, 0, 0, 0, 0, 0, 0, 0, 0, 0, 0, 0, 0, 0]
r_1465 FALSE politics [14, 7, 1, 2, 0, 0, 0, 1, 0, 1, 4, 0, 1, 1, 0, 0, 0, 1, 0, 0, 0, 0, 0, 0]
r_1466 FALSE politics [11, 4, 0, 0, 0, 0, 0, 0, 0, 0, 0, 0, 0, 0, 0, 0, 0, 0, 0, 0, 0, 0, 0, 0]
r_1467 FALSE politics [6, 26, 3, 11, 4, 1, 3, 5, 0, 1, 1, 1, 5, 1, 0, 0, 0, 0, 0, 0, 0, 1, 2, 9]
r_1468 FALSE politics [15, 9, 1, 2, 1, 0, 1, 0, 0, 0, 1, 0, 0, 0, 0, 0, 0, 0, 0, 0, 0, 0, 0, 0]
r_1469 FALSE politics [33, 5, 2, 1, 2, 0, 2, 0, 1, 1, 0, 0, 0, 0, 0, 0, 0, 0, 0, 0, 0, 0, 0, 0]
r_1472 FALSE politics [33, 5, 0, 0, 0, 0, 0, 0, 1, 0, 0, 0, 0, 0, 0, 0, 0, 0, 0, 0, 0, 0, 0, 0]
r_1476 FALSE politics [13, 5, 0, 0, 0, 2, 0, 0, 0, 0, 0, 0, 0, 0, 0, 0, 0, 0, 0, 0, 0, 0, 0, 0]
r_1477 FALSE politics [21, 13, 1, 1, 0, 1, 2, 0, 0, 0, 0, 0, 0, 0, 0, 0, 0, 0, 0, 0, 0, 0, 0, 0]
r_1479 FALSE politics [23, 3, 0, 0, 0, 0, 0, 0, 0, 0, 0, 0, 0, 0, 0, 0, 0, 0, 0, 0, 0, 0, 0, 0]
r_1484 FALSE politics [4, 0, 0, 0, 0, 0, 0, 0, 0, 0, 1, 0, 0, 0, 0, 0, 0, 0, 0, 0, 0, 0, 0, 0]
r_1486 FALSE politics [47, 14, 5, 0, 4, 29, 9, 1, 1, 1, 0, 0, 0, 1, 0, 0, 0, 0, 0, 0, 0, 0, 0, 0]
r_1487 FALSE politics [10, 2, 0, 0, 5, 0, 0, 0, 1, 0, 0, 0, 0, 0, 0, 0, 0, 0, 0, 0, 0, 0, 0, 0]
r_1493 FALSE politics [17, 6, 5, 13, 0, 0, 0, 0, 0, 1, 0, 0, 0, 0, 0, 0, 0, 0, 0, 0, 0, 0, 0, 0]
r_1494 FALSE politics [25, 0, 0, 0, 0, 0, 0, 0, 0, 0, 0, 0, 0, 1, 0, 0, 0, 0, 0, 0, 0, 0, 0, 0]
r_1496 FALSE politics [27, 9, 17, 6, 4, 3, 9, 6, 1, 2, 1, 0, 0, 0, 0, 5, 0, 1, 0, 0, 0, 0, 0, 0]
r_1497 FALSE politics [3, 0, 0, 0, 0, 2, 0, 0, 0, 0, 0, 0, 0, 0, 0, 0, 0, 0, 0, 0, 0, 0, 0, 0]
r_1498 FALSE politics [38, 4, 3, 1, 2, 0, 16, 9, 0, 0, 1, 0, 0, 1, 0, 0, 0, 0, 0, 0, 0, 0, 0, 0]
r_1499 FALSE politics [15, 2, 1, 2, 0, 6, 1, 0, 0, 0, 0, 0, 0, 0, 0, 0, 0, 0, 0, 0, 0, 0, 0, 0]
r_1501 FALSE politics [1, 7, 0, 0, 0, 0, 3, 3, 1, 0, 0, 0, 0, 0, 1, 0, 0, 0, 0, 0, 0, 0, 0, 0]
r_1502 FALSE politics [383, 314, 262, 203, 167, 174, 96, 116, 90, 71, 65, 86, 38, 44, 49, 39, 29, 14, 14, 18, 10, 22, 23, 25]
r_1504 FALSE politics [7, 3, 0, 0, 0, 0, 0, 0, 0, 0, 0, 1, 0, 0, 0, 0, 0, 0, 0, 0, 0, 0, 0, 0]
r_1505 FALSE politics [16, 7, 1, 3, 10, 2, 3, 1, 0, 0, 0, 0, 0, 0, 0, 0, 0, 0, 0, 0, 0, 0, 0, 0]
r_1506 FALSE politics [5, 0, 1, 0, 0, 0, 0, 0, 7, 0, 0, 0, 0, 0, 0, 0, 0, 0, 0, 0, 0, 0, 0, 0]
r_1507 FALSE politics [15, 5, 0, 1, 0, 7, 0, 0, 0, 0, 1, 0, 0, 0, 0, 0, 0, 0, 0, 0, 0, 0, 0, 0]
r_1509 FALSE politics [15, 4, 2, 0, 0, 1, 1, 0, 0, 0, 0, 0, 0, 1, 0, 0, 0, 0, 0, 0, 0, 0, 0, 0]
r_1515 FALSE politics [28, 2, 0, 2, 0, 0, 0, 0, 0, 0, 0, 0, 0, 0, 1, 0, 0, 0, 0, 0, 0, 0, 0, 0]
r_1516 FALSE politics [35, 2, 2, 0, 0, 0, 0, 0, 1, 1, 1, 1, 0, 0, 0, 0, 0, 0, 0, 0, 1, 0, 0, 0]
r_1517 FALSE politics [2, 0, 0, 0, 0, 0, 0, 0, 0, 0, 0, 0, 0, 0, 0, 0, 0, 0, 0, 0, 0, 0, 0, 0]
r_1523 FALSE politics [22, 9, 23, 16, 9, 3, 4, 4, 1, 11, 3, 3, 6, 0, 2, 2, 0, 1, 1, 0, 0, 0, 0, 0]
r_1525 FALSE politics [1, 0, 0, 0, 0, 0, 0, 0, 0, 0, 0, 0, 0, 0, 0, 0, 0, 0, 0, 0, 0, 0, 0, 0]
r_1527 FALSE politics [24, 5, 1, 1, 0, 1, 1, 0, 0, 0, 0, 0, 0, 0, 0, 0, 0, 0, 0, 0, 0, 1, 0, 0]
r_1528 FALSE politics [31, 2, 5, 2, 2, 0, 3, 0, 0, 0, 0, 0, 0, 0, 0, 1, 0, 1, 0, 0, 0, 0, 0, 0]
r_1529 FALSE politics [5, 1, 3, 8, 2, 2, 4, 1, 1, 0, 5, 2, 0, 0, 1, 1, 0, 1, 0, 0, 0, 0, 0, 0]
r_1532 FALSE politics [12, 0, 0, 0, 9, 1, 0, 1, 3, 2, 1, 0, 0, 0, 0, 0, 0, 0, 1, 0, 1, 0, 0, 0]
r_1533 FALSE politics [6, 2, 12, 1, 2, 0, 0, 0, 1, 0, 0, 1, 0, 0, 0, 0, 1, 3, 2, 2, 0, 0, 0, 0]
r_1536 FALSE politics [3, 0, 0, 0, 0, 0, 0, 9, 4, 0, 0, 0, 0, 0, 0, 0, 0, 0, 0, 0, 0, 0, 0, 0]
r_1537 FALSE politics [20, 13, 2, 1, 1, 9, 3, 0, 0, 0, 1, 0, 0, 0, 0, 0, 0, 0, 0, 0, 1, 0, 0, 2]
r_1540 FALSE politics [40, 3, 2, 1, 0, 0, 0, 0, 0, 0, 0, 0, 0, 0, 0, 0, 0, 0, 0, 0, 0, 0, 0, 0]
r_1541 FALSE politics [42, 5, 0, 0, 1, 1, 0, 0, 0, 0, 0, 0, 0, 1, 0, 0, 0, 0, 0, 0, 0, 0, 0, 0]
r_1543 FALSE politics [25, 10, 1, 3, 0, 2, 1, 4, 2, 0, 0, 0, 0, 0, 0, 1, 0, 0, 0, 0, 0, 0, 0, 0]
r_1544 FALSE politics [43, 0, 0, 0, 0, 0, 0, 0, 0, 0, 0, 1, 1, 0, 0, 0, 0, 0, 0, 0, 0, 1, 1, 0]
r_1545 FALSE politics [8, 5, 2, 0, 0, 0, 0, 0, 0, 0, 0, 0, 0, 0, 0, 0, 0, 0, 0, 0, 0, 0, 0, 0]
r_1546 FALSE politics [1, 0, 0, 0, 0, 0, 0, 0, 0, 0, 0, 0, 0, 0, 0, 0, 0, 0, 0, 0, 0, 0, 0, 0]
r_1548 FALSE politics [25, 7, 1, 1, 2, 2, 0, 0, 1, 0, 1, 0, 3, 0, 1, 0, 2, 0, 1, 0, 0, 0, 0, 1]
r_1549 FALSE politics [28, 5, 2, 2, 1, 6, 3, 1, 0, 0, 1, 0, 0, 0, 0, 0, 0, 0, 0, 0, 1, 0, 0, 0]
r_1550 FALSE politics [31, 1, 1, 1, 0, 1, 0, 1, 0, 0, 0, 0, 0, 0, 0, 0, 0, 0, 0, 0, 0, 0, 1, 0]
r_1551 FALSE politics [11, 1, 0, 0, 0, 0, 0, 2, 0, 0, 0, 0, 0, 0, 0, 0, 0, 5, 3, 0, 1, 1, 1, 0]
r_1552 FALSE politics [15, 0, 0, 0, 0, 6, 2, 0, 0, 0, 0, 0, 0, 0, 0, 0, 0, 0, 0, 0, 0, 3, 3, 0]
r_1554 FALSE politics [8, 3, 0, 0, 0, 0, 0, 0, 0, 0, 0, 0, 0, 0, 0, 0, 0, 0, 0, 0, 0, 0, 0, 0]
r_1555 FALSE politics [7, 6, 9, 0, 3, 4, 0, 0, 0, 1, 1, 1, 0, 0, 0, 0, 0, 0, 0, 0, 0, 0, 0, 1]
r_1560 FALSE politics [16, 5, 3, 6, 2, 4, 0, 0, 0, 6, 1, 1, 0, 0, 0, 0, 0, 0, 0, 1, 0, 0, 1, 0]
r_1562 FALSE politics [44, 4, 0, 0, 0, 0, 0, 0, 0, 0, 0, 1, 0, 0, 0, 0, 0, 0, 0, 0, 0, 1, 0, 0]
r_1564 FALSE politics [10, 1, 0, 1, 0, 0, 1, 0, 0, 1, 0, 0, 0, 0, 0, 0, 0, 0, 0, 0, 3, 0, 0, 0]
r_1566 FALSE politics [33, 9, 4, 2, 1, 0, 0, 0, 0, 0, 0, 0, 0, 0, 0, 0, 1, 0, 0, 0, 0, 0, 0, 0]
r_1567 FALSE politics [28, 2, 178, 72, 34, 23, 11, 13, 11, 20, 20, 98, 108, 60, 47, 29, 32, 13, 13, 17, 6, 7, 7, 10]
r_1570 FALSE politics [40, 3, 2, 3, 0, 0, 0, 0, 1, 0, 1, 0, 1, 0, 0, 0, 0, 0, 0, 0, 0, 0, 0, 0]
r_1571 FALSE politics [18, 6, 0, 1, 0, 3, 2, 1, 0, 0, 0, 3, 0, 0, 0, 0, 0, 1, 1, 0, 0, 0, 0, 3]
r_1572 FALSE politics [30, 11, 3, 0, 1, 1, 1, 0, 1, 1, 0, 0, 0, 0, 0, 1, 1, 0, 0, 0, 0, 0, 0, 0]
r_1573 FALSE politics [24, 9, 3, 1, 0, 0, 1, 0, 0, 0, 0, 0, 0, 0, 1, 0, 0, 0, 0, 0, 0, 0, 0, 0]
r_1575 FALSE politics [22, 9, 0, 0, 5, 0, 0, 0, 0, 0, 0, 0, 0, 0, 0, 0, 0, 0, 0, 0, 0, 0, 1, 0]
r_1576 FALSE politics [1, 0, 0, 0, 0, 0, 0, 0, 0, 0, 2, 0, 0, 0, 0, 0, 0, 0, 0, 0, 0, 0, 0, 0]
r_1577 FALSE politics [20, 1, 1, 0, 0, 0, 0, 0, 0, 0, 0, 0, 0, 0, 0, 0, 0, 0, 0, 0, 0, 0, 0, 0]
r_1580 FALSE politics [30, 3, 0, 1, 0, 0, 0, 0, 0, 0, 1, 0, 2, 1, 0, 0, 0, 0, 0, 0, 0, 0, 0, 0]
r_1582 FALSE politics [17, 1, 0, 0, 7, 0, 3, 8, 2, 1, 1, 2, 1, 0, 0, 0, 0, 0, 0, 0, 0, 0, 0, 0]
r_1585 FALSE politics [8, 6, 5, 2, 3, 0, 0, 0, 0, 0, 0, 0, 0, 0, 0, 0, 0, 0, 0, 0, 0, 0, 0, 0]
r_1588 FALSE politics [18, 9, 4, 4, 2, 3, 3, 0, 0, 0, 0, 0, 0, 0, 0, 0, 0, 0, 1, 0, 1, 0, 0, 0]
r_1589 FALSE politics [37, 4, 1, 9, 2, 3, 0, 0, 1, 0, 0, 0, 0, 0, 0, 0, 0, 0, 0, 0, 0, 0, 0, 0]
r_1592 FALSE politics [34, 3, 2, 0, 2, 0, 1, 0, 0, 0, 0, 0, 0, 0, 0, 0, 0, 0, 0, 0, 0, 0, 0, 0]
r_1593 FALSE politics [29, 4, 1, 3, 2, 0, 0, 0, 0, 0, 0, 0, 0, 2, 0, 0, 0, 0, 0, 0, 0, 0, 0, 0]
r_1595 FALSE politics [28, 3, 1, 2, 0, 0, 1, 0, 3, 5, 2, 1, 2, 0, 0, 0, 0, 0, 0, 0, 0, 1, 2, 0]
r_1596 FALSE politics [25, 8, 1, 4, 0, 0, 0, 0, 0, 0, 0, 0, 0, 0, 0, 2, 0, 0, 0, 0, 0, 0, 0, 0]
r_1597 FALSE politics [14, 2, 3, 1, 0, 4, 0, 0, 0, 1, 1, 0, 0, 0, 1, 0, 0, 0, 0, 0, 0, 0, 0, 0]
r_1598 FALSE politics [1, 0, 2, 10, 1, 2, 4, 2, 2, 0, 0, 0, 0, 0, 0, 0, 1, 0, 0, 0, 0, 0, 0, 0]
r_1599 FALSE politics [24, 8, 2, 0, 0, 0, 0, 1, 1, 0, 0, 0, 0, 0, 0, 0, 0, 0, 0, 0, 0, 0, 0, 0]
r_16 FALSE politics [37, 14, 8, 39, 38, 32, 29, 21, 14, 26, 19, 10, 15, 19, 30, 21, 8, 12, 3, 1, 1, 1, 2, 1]
r_1600 FALSE politics [47, 4, 2, 1, 0, 1, 0, 3, 0, 1, 0, 0, 0, 0, 0, 0, 0, 0, 0, 0, 0, 0, 0, 0]
r_1602 FALSE politics [39, 8, 2, 1, 0, 1, 0, 1, 1, 0, 0, 0, 0, 0, 0, 1, 0, 0, 0, 1, 0, 0, 0, 0]
r_1603 FALSE politics [20, 10, 2, 0, 2, 0, 0, 1, 1, 2, 2, 0, 0, 1, 2, 0, 0, 0, 0, 0, 0, 0, 0, 0]
r_1604 FALSE politics [33, 3, 0, 0, 0, 0, 0, 1, 0, 1, 8, 4, 0, 2, 0, 0, 0, 1, 0, 0, 0, 0, 0, 0]
r_1606 FALSE politics [23, 2, 0, 0, 0, 0, 0, 0, 1, 0, 0, 0, 0, 0, 0, 0, 0, 0, 0, 0, 0, 0, 6, 5]
r_1608 FALSE politics [32, 4, 7, 2, 1, 6, 0, 1, 1, 1, 0, 1, 0, 3, 0, 1, 0, 0, 0, 0, 0, 0, 0, 0]
r_1610 FALSE politics [36, 11, 2, 2, 1, 1, 1, 1, 1, 0, 1, 0, 0, 1, 0, 1, 0, 0, 0, 0, 0, 0, 1, 0]
r_1612 FALSE politics [10, 4, 1, 0, 0, 0, 0, 0, 0, 0, 0, 0, 0, 0, 0, 0, 1, 0, 0, 0, 0, 0, 0, 0]
r_1613 FALSE politics [7, 12, 2, 0, 0, 0, 0, 4, 0, 2, 0, 1, 0, 0, 0, 0, 0, 0, 0, 0, 0, 0, 0, 0]
r_1614 FALSE politics [20, 1, 1, 1, 0, 1, 1, 0, 0, 0, 0, 0, 2, 0, 0, 0, 0, 0, 0, 0, 0, 0, 0, 0]
r_1616 FALSE politics [29, 4, 2, 1, 0, 0, 0, 0, 0, 1, 0, 1, 1, 0, 0, 1, 0, 1, 0, 2, 0, 0, 0, 0]
r_1617 FALSE politics [18, 12, 1, 9, 3, 2, 0, 0, 0, 0, 2, 0, 0, 0, 0, 0, 0, 0, 0, 0, 0, 0, 0, 0]
r_1618 FALSE politics [13, 0, 5, 1, 3, 0, 0, 1, 0, 0, 0, 0, 1, 1, 0, 1, 0, 0, 0, 0, 0, 0, 0, 0]
r_1619 FALSE politics [26, 11, 2, 0, 1, 0, 1, 0, 0, 2, 2, 1, 0, 1, 0, 0, 0, 0, 0, 1, 0, 0, 0, 0]
r_1620 FALSE politics [38, 9, 6, 0, 0, 2, 0, 1, 0, 1, 0, 0, 0, 0, 0, 1, 0, 0, 0, 0, 0, 0, 0, 0]
r_1622 FALSE politics [40, 8, 5, 0, 1, 1, 1, 0, 0, 0, 1, 0, 0, 0, 0, 0, 0, 0, 0, 0, 0, 0, 1, 2]
r_1625 FALSE politics [13, 13, 2, 1, 0, 0, 2, 0, 0, 0, 0, 0, 0, 0, 1, 0, 0, 0, 0, 0, 0, 0, 0, 0]
r_1626 FALSE politics [31, 7, 6, 0, 1, 1, 0, 0, 0, 1, 0, 0, 0, 0, 0, 0, 0, 0, 0, 0, 0, 0, 0, 2]
r_1629 FALSE politics [1, 0, 0, 4, 0, 3, 8, 2, 0, 2, 4, 2, 2, 0, 0, 1, 1, 1, 0, 0, 4, 0, 1, 13]
r_1630 FALSE politics [35, 9, 2, 2, 3, 1, 0, 0, 1, 0, 2, 1, 1, 0, 2, 0, 1, 0, 0, 0, 0, 0, 0, 0]
r_1632 FALSE politics [29, 9, 1, 0, 2, 2, 1, 1, 0, 0, 0, 0, 2, 2, 1, 0, 0, 0, 0, 0, 0, 0, 0, 1]
r_1633 FALSE politics [21, 10, 10, 1, 2, 0, 0, 0, 0, 0, 0, 0, 0, 0, 0, 0, 0, 0, 0, 0, 0, 0, 0, 0]
r_1636 FALSE politics [8, 1, 0, 1, 1, 0, 1, 0, 0, 0, 0, 0, 0, 0, 0, 0, 0, 0, 0, 0, 0, 0, 0, 0]
r_1637 FALSE politics [13, 6, 1, 8, 1, 0, 0, 0, 0, 0, 0, 0, 0, 0, 0, 0, 0, 0, 0, 0, 0, 0, 0, 0]
r_1638 FALSE politics [20, 7, 8, 12, 9, 2, 4, 1, 0, 1, 0, 0, 0, 0, 0, 1, 0, 0, 0, 1, 0, 0, 0, 0]
r_1639 FALSE politics [25, 10, 15, 9, 2, 0, 3, 2, 0, 0, 1, 0, 0, 1, 0, 0, 0, 1, 0, 0, 0, 0, 0, 0]
r_1640 FALSE politics [13, 2, 5, 0, 0, 1, 0, 0, 1, 0, 0, 0, 0, 0, 0, 0, 0, 0, 0, 0, 0, 0, 0, 0]
r_1642 FALSE politics [34, 4, 3, 3, 4, 2, 0, 1, 0, 0, 1, 0, 0, 3, 0, 0, 0, 0, 0, 0, 0, 0, 1, 0]
r_1644 FALSE politics [36, 2, 1, 0, 4, 2, 3, 3, 0, 1, 1, 0, 0, 0, 0, 0, 0, 0, 0, 0, 0, 0, 0, 0]
r_1646 FALSE politics [15, 0, 0, 0, 0, 0, 0, 0, 0, 0, 0, 0, 0, 0, 0, 0, 0, 0, 0, 0, 0, 0, 0, 0]
r_1647 FALSE politics [41, 9, 0, 1, 7, 1, 0, 0, 0, 0, 0, 0, 0, 0, 0, 0, 1, 0, 0, 0, 0, 0, 0, 0]
r_1650 FALSE politics [34, 11, 1, 1, 12, 0, 1, 0, 0, 0, 1, 0, 0, 0, 0, 0, 0, 0, 0, 0, 0, 0, 0, 0]
r_1651 FALSE politics [24, 12, 3, 1, 0, 0, 0, 0, 0, 0, 0, 0, 0, 0, 0, 0, 0, 1, 0, 0, 0, 0, 0, 0]
r_1653 FALSE politics [14, 3, 3, 0, 0, 0, 0, 0, 0, 0, 0, 0, 0, 0, 0, 0, 0, 0, 0, 0, 0, 0, 0, 0]
r_1654 FALSE politics [15, 1, 0, 0, 0, 1, 0, 0, 0, 0, 1, 0, 13, 16, 6, 5, 2, 0, 0, 1, 1, 0, 1, 0]
r_1655 FALSE politics [35, 9, 10, 4, 5, 4, 2, 3, 0, 0, 0, 0, 0, 0, 0, 0, 1, 0, 0, 1, 0, 2, 1, 0]
r_1656 FALSE politics [12, 1, 0, 0, 1, 2, 0, 0, 0, 1, 5, 7, 0, 0, 0, 0, 6, 1, 0, 0, 0, 0, 0, 0]
r_1658 FALSE politics [26, 10, 5, 0, 1, 0, 1, 0, 0, 0, 0, 0, 0, 0, 0, 0, 1, 0, 0, 0, 0, 0, 0, 0]
r_1661 FALSE politics [52, 10, 2, 1, 1, 0, 0, 0, 0, 0, 0, 0, 0, 0, 0, 0, 0, 1, 0, 0, 0, 0, 0, 0]
r_1662 FALSE politics [22, 10, 9, 2, 0, 1, 0, 0, 0, 1, 0, 1, 0, 0, 0, 2, 1, 1, 0, 0, 0, 0, 0, 0]
r_1663 FALSE politics [1, 0, 0, 0, 0, 0, 3, 1, 1, 0, 0, 0, 0, 0, 0, 2, 0, 0, 1, 1, 0, 1, 0, 0]
r_1664 FALSE politics [35, 9, 7, 2, 2, 1, 0, 0, 1, 0, 5, 4, 2, 3, 0, 1, 1, 0, 0, 3, 0, 2, 0, 0]
r_1665 FALSE politics [132, 112, 63, 74, 45, 137, 128, 88, 66, 84, 18, 30, 21, 7, 32, 13, 10, 39, 51, 24, 24, 26, 25, 28]
r_1666 FALSE politics [3, 13, 4, 0, 1, 0, 0, 0, 0, 0, 0, 0, 0, 0, 0, 0, 0, 0, 0, 0, 0, 0, 0, 0]
r_1667 FALSE politics [1, 0, 0, 2, 9, 17, 6, 9, 0, 1, 1, 3, 3, 1, 6, 1, 5, 2, 1, 1, 2, 2, 0, 1]
r_1669 FALSE politics [24, 11, 5, 11, 3, 1, 5, 1, 2, 0, 2, 0, 1, 0, 0, 0, 0, 0, 0, 0, 0, 0, 0, 0]
r_1670 FALSE politics [61, 5, 1, 0, 0, 0, 0, 0, 0, 1, 0, 0, 0, 0, 0, 0, 0, 0, 0, 0, 1, 0, 0, 0]
r_1671 FALSE politics [31, 9, 8, 4, 7, 1, 3, 1, 1, 0, 0, 0, 0, 0, 0, 0, 0, 0, 1, 0, 0, 0, 1, 0]
r_1672 FALSE politics [9, 11, 9, 2, 1, 0, 2, 0, 0, 1, 2, 1, 1, 0, 0, 1, 0, 0, 0, 0, 1, 0, 0, 1]
r_1673 FALSE politics [58, 7, 6, 1, 2, 2, 2, 0, 1, 0, 0, 0, 1, 0, 1, 0, 0, 0, 0, 0, 0, 0, 0, 0]
r_1676 FALSE politics [65, 2, 1, 2, 0, 0, 0, 0, 0, 0, 0, 0, 0, 0, 0, 0, 0, 0, 0, 0, 0, 1, 0, 0]
r_1681 FALSE politics [1, 0, 0, 0, 0, 0, 0, 0, 0, 0, 0, 0, 1, 0, 0, 0, 0, 0, 0, 0, 0, 0, 0, 0]
r_1682 FALSE politics [29, 12, 6, 0, 1, 1, 0, 0, 0, 0, 0, 0, 0, 0, 0, 0, 0, 0, 0, 0, 0, 0, 0, 0]
r_1686 FALSE politics [10, 8, 3, 0, 0, 0, 0, 0, 0, 0, 3, 0, 0, 0, 1, 0, 0, 0, 0, 0, 0, 0, 0, 0]
r_1687 FALSE politics [16, 4, 8, 6, 9, 5, 8, 2, 1, 1, 0, 2, 0, 0, 2, 0, 0, 0, 1, 1, 1, 1, 0, 0]
r_1689 FALSE politics [41, 7, 1, 4, 2, 0, 0, 2, 0, 0, 0, 0, 0, 0, 1, 0, 0, 0, 0, 0, 0, 0, 0, 0]
r_1690 FALSE politics [38, 18, 12, 16, 9, 5, 2, 6, 4, 2, 2, 4, 0, 2, 1, 3, 0, 0, 1, 0, 0, 7, 1, 5]
r_1691 FALSE politics [28, 9, 3, 8, 5, 0, 0, 0, 2, 1, 0, 0, 2, 0, 1, 0, 0, 0, 0, 0, 0, 2, 0, 1]
r_1692 FALSE politics [57, 12, 3, 1, 0, 0, 0, 0, 0, 0, 0, 2, 0, 1, 0, 0, 0, 0, 1, 0, 0, 0, 0, 0]
r_1695 FALSE politics [25, 21, 9, 7, 2, 7, 1, 1, 0, 0, 0, 0, 0, 0, 2, 1, 0, 0, 0, 0, 0, 0, 0, 3]
r_1696 FALSE politics [26, 13, 8, 2, 1, 8, 3, 3, 2, 1, 0, 0, 1, 0, 0, 1, 1, 0, 2, 0, 0, 0, 0, 1]
r_1697 FALSE politics [23, 20, 6, 39, 3, 4, 12, 12, 3, 4, 1, 3, 2, 1, 3, 1, 2, 1, 0, 0, 0, 1, 0, 4]
r_1698 FALSE politics [19, 21, 5, 6, 1, 0, 0, 0, 0, 1, 0, 0, 0, 0, 0, 0, 0, 0, 0, 0, 0, 0, 0, 1]
r_17 FALSE politics [2, 0, 0, 0, 0, 0, 0, 0, 0, 0, 0, 0, 0, 0, 0, 0, 0, 0, 0, 0, 0, 0, 0, 0]
r_1701 FALSE politics [1, 10, 3, 7, 0, 0, 0, 1, 0, 0, 8, 8, 1, 5, 0, 0, 0, 0, 0, 0, 0, 1, 0, 0]
r_1702 FALSE politics [154, 81, 91, 109, 101, 130, 104, 79, 77, 71, 410, 328, 155, 116, 85, 43, 19, 15, 14, 12, 14, 21, 28, 23]
r_1703 FALSE politics [39, 8, 5, 3, 2, 1, 1, 0, 0, 3, 1, 1, 2, 1, 2, 1, 0, 2, 0, 0, 0, 0, 0, 2]
r_1704 FALSE politics [55, 0, 8, 0, 0, 0, 0, 0, 0, 0, 0, 0, 0, 0, 0, 0, 0, 1, 0, 0, 0, 0, 0, 0]
r_1706 FALSE politics [41, 6, 2, 6, 6, 1, 3, 0, 0, 3, 1, 3, 0, 0, 0, 0, 0, 0, 0, 0, 0, 0, 1, 0]
r_1707 FALSE politics [18, 8, 11, 7, 11, 5, 2, 7, 3, 0, 6, 0, 1, 0, 0, 0, 2, 4, 3, 5, 0, 0, 0, 0]
r_1709 FALSE politics [8, 1, 3, 0, 1, 0, 0, 0, 0, 0, 0, 0, 0, 0, 0, 0, 0, 0, 0, 0, 0, 0, 0, 0]
r_1713 FALSE politics [35, 11, 7, 1, 3, 0, 5, 0, 0, 0, 1, 0, 0, 0, 0, 0, 0, 2, 0, 0, 5, 1, 0, 0]
r_1715 FALSE politics [26, 9, 1, 2, 1, 1, 0, 0, 1, 0, 1, 0, 0, 2, 0, 0, 1, 0, 0, 0, 0, 0, 0, 0]
r_1716 FALSE politics [75, 3, 0, 3, 1, 3, 1, 1, 1, 2, 3, 1, 0, 1, 0, 0, 0, 0, 0, 1, 0, 0, 0, 0]
r_1718 FALSE politics [38, 9, 18, 0, 2, 1, 2, 0, 1, 0, 1, 1, 0, 0, 0, 1, 0, 1, 0, 0, 0, 0, 0, 0]
r_1719 FALSE politics [63, 10, 3, 4, 5, 3, 4, 2, 0, 0, 0, 0, 0, 0, 0, 0, 1, 0, 1, 0, 0, 0, 0, 0]
r_1720 FALSE politics [39, 11, 5, 4, 0, 0, 1, 1, 0, 0, 0, 1, 1, 8, 1, 4, 0, 1, 0, 0, 0, 0, 0, 0]
r_1723 FALSE politics [5, 1, 2, 5, 8, 4, 5, 1, 0, 2, 5, 2, 3, 1, 0, 2, 0, 0, 3, 0, 0, 7, 0, 4]
r_1727 FALSE politics [44, 10, 2, 3, 3, 0, 2, 1, 1, 1, 1, 1, 0, 0, 1, 1, 1, 0, 0, 0, 0, 0, 1, 0]
r_1728 FALSE politics [51, 3, 4, 5, 0, 0, 2, 0, 0, 0, 0, 0, 0, 0, 0, 0, 0, 0, 0, 0, 0, 0, 1, 0]
r_1729 FALSE politics [55, 17, 5, 2, 8, 3, 2, 1, 0, 1, 3, 1, 0, 0, 0, 0, 0, 2, 0, 1, 0, 0, 0, 0]
r_1730 FALSE politics [10, 0, 0, 0, 1, 0, 0, 0, 0, 0, 0, 0, 0, 0, 0, 0, 0, 0, 0, 0, 0, 0, 0, 0]
r_1731 FALSE politics [63, 5, 1, 0, 1, 0, 0, 2, 2, 4, 10, 13, 4, 0, 0, 5, 1, 0, 0, 0, 0, 0, 0, 0]
r_1733 FALSE politics [21, 3, 2, 1, 0, 0, 1, 0, 0, 0, 0, 0, 0, 0, 25, 23, 8, 2, 0, 3, 1, 0, 1, 9]
r_1735 FALSE politics [51, 5, 14, 6, 4, 2, 1, 2, 0, 0, 0, 0, 0, 0, 0, 1, 2, 2, 6, 2, 1, 0, 1, 1]
r_1736 FALSE politics [49, 8, 9, 3, 3, 1, 8, 2, 5, 0, 0, 1, 1, 0, 1, 0, 2, 3, 0, 0, 1, 0, 2, 2]
r_1740 FALSE politics [61, 20, 1, 1, 0, 1, 3, 3, 2, 0, 0, 0, 0, 0, 0, 1, 0, 0, 0, 0, 0, 0, 0, 3]
r_1742 FALSE politics [57, 6, 5, 1, 32, 9, 5, 4, 1, 4, 1, 1, 0, 1, 1, 5, 1, 0, 1, 0, 0, 0, 0, 1]
r_1744 FALSE politics [36, 34, 11, 10, 0, 1, 2, 0, 0, 0, 0, 1, 0, 1, 0, 0, 0, 0, 0, 0, 2, 0, 0, 0]
r_1746 FALSE politics [56, 26, 7, 1, 2, 3, 4, 3, 1, 1, 0, 1, 1, 0, 0, 0, 0, 0, 0, 0, 0, 0, 0, 2]
r_1748 FALSE politics [28, 18, 15, 3, 0, 2, 1, 0, 0, 1, 0, 1, 1, 0, 0, 0, 0, 0, 0, 0, 0, 0, 0, 0]
r_1751 FALSE politics [25, 23, 2, 3, 3, 0, 2, 3, 1, 3, 2, 3, 1, 1, 1, 0, 0, 24, 4, 1, 0, 0, 0, 1]
r_1754 FALSE politics [86, 86, 83, 94, 134, 60, 69, 84, 99, 80, 51, 41, 28, 32, 52, 8, 4, 8, 11, 11, 7, 5, 4, 6]
r_1758 FALSE politics [50, 19, 12, 13, 7, 14, 8, 0, 2, 2, 5, 2, 0, 1, 0, 0, 0, 0, 1, 0, 0, 0, 0, 0]
r_1760 FALSE politics [10, 8, 3, 2, 1, 2, 0, 0, 1, 0, 0, 1, 0, 0, 0, 0, 0, 0, 0, 0, 0, 0, 0, 0]
r_1763 FALSE politics [101, 12, 10, 0, 0, 3, 1, 5, 2, 0, 2, 0, 0, 0, 0, 0, 1, 0, 0, 1, 1, 1, 1, 0]
r_1764 FALSE politics [8, 8, 5, 2, 0, 9, 5, 1, 1, 1, 2, 0, 3, 1, 0, 0, 2, 2, 8, 30, 15, 6, 4, 3]
r_1765 FALSE politics [51, 4, 6, 13, 1, 4, 10, 4, 1, 0, 0, 1, 0, 1, 0, 1, 0, 0, 7, 1, 2, 17, 4, 4]
r_1766 FALSE politics [49, 28, 0, 0, 0, 1, 0, 0, 0, 1, 0, 2, 0, 0, 1, 0, 0, 0, 3, 1, 0, 0, 6, 1]
r_1769 FALSE politics [5, 2, 4, 2, 0, 1, 1, 1, 0, 5, 0, 0, 1, 0, 1, 0, 0, 0, 0, 0, 0, 2, 0, 4]
r_1770 FALSE politics [35, 6, 5, 9, 2, 3, 1, 0, 0, 2, 1, 18, 3, 3, 3, 1, 9, 7, 1, 0, 1, 0, 0, 0]
r_1771 FALSE politics [68, 23, 5, 4, 6, 3, 2, 1, 4, 5, 1, 3, 0, 2, 4, 4, 6, 0, 0, 4, 0, 0, 0, 0]
r_1772 FALSE politics [35, 35, 14, 9, 2, 1, 0, 1, 1, 2, 7, 0, 3, 3, 11, 1, 0, 1, 72, 87, 46, 55, 39, 24]
r_1773 FALSE politics [66, 13, 18, 12, 5, 3, 4, 5, 4, 1, 3, 0, 1, 1, 1, 2, 1, 0, 0, 1, 0, 0, 1, 0]
r_1774 FALSE politics [66, 19, 6, 5, 3, 7, 4, 1, 4, 3, 1, 1, 0, 2, 2, 1, 0, 6, 4, 5, 5, 1, 1, 0]
r_1775 FALSE politics [55, 21, 13, 10, 7, 3, 5, 3, 4, 3, 2, 1, 2, 1, 0, 0, 0, 0, 0, 0, 0, 0, 0, 0]
r_1776 FALSE politics [31, 21, 5, 16, 3, 0, 0, 0, 0, 0, 0, 0, 1, 0, 0, 0, 0, 0, 0, 0, 10, 5, 1, 1]
r_1777 FALSE politics [47, 8, 4, 14, 6, 4, 0, 1, 3, 0, 0, 1, 1, 1, 1, 3, 1, 1, 2, 4, 0, 1, 1, 0]
r_1778 FALSE politics [38, 41, 8, 4, 2, 2, 0, 6, 1, 3, 0, 0, 1, 0, 0, 0, 0, 0, 0, 2, 0, 0, 0, 0]
r_1780 FALSE politics [45, 4, 5, 2, 2, 1, 2, 1, 1, 1, 1, 1, 2, 0, 0, 0, 2, 0, 1, 0, 0, 1, 0, 1]
r_1781 FALSE politics [54, 21, 8, 6, 2, 3, 0, 0, 0, 0, 0, 0, 0, 0, 3, 2, 0, 2, 0, 0, 1, 2, 0, 1]
r_1782 FALSE politics [34, 33, 32, 14, 7, 1, 2, 3, 3, 2, 0, 3, 2, 0, 0, 1, 0, 1, 0, 0, 0, 0, 0, 0]
r_1784 FALSE politics [42, 5, 18, 4, 2, 2, 1, 3, 2, 0, 15, 12, 5, 2, 4, 3, 3, 4, 3, 3, 0, 11, 1, 1]
r_1785 FALSE politics [37, 5, 2, 9, 8, 2, 12, 1, 1, 0, 1, 1, 0, 22, 9, 4, 10, 2, 4, 2, 2, 1, 1, 2]
r_1787 FALSE politics [30, 27, 18, 4, 9, 5, 8, 5, 1, 3, 6, 0, 0, 0, 0, 0, 0, 4, 1, 2, 1, 2, 5, 3]
r_1788 FALSE politics [1, 0, 0, 0, 0, 16, 18, 6, 1, 0, 0, 0, 0, 0, 22, 12, 0, 1, 1, 1, 0, 0, 0, 0]
r_1791 FALSE politics [64, 27, 6, 1, 5, 5, 2, 6, 9, 5, 8, 2, 1, 0, 0, 2, 0, 1, 0, 0, 0, 0, 1, 0]
r_1792 FALSE politics [15, 6, 8, 31, 14, 8, 3, 4, 3, 6, 4, 0, 0, 0, 0, 2, 7, 4, 2, 5, 1, 3, 0, 0]
r_1793 FALSE politics [4, 4, 34, 8, 5, 3, 1, 1, 2, 1, 1, 0, 0, 0, 2, 2, 0, 0, 2, 0, 0, 0, 0, 0]
r_1794 FALSE politics [115, 18, 9, 5, 4, 1, 0, 1, 3, 2, 6, 1, 1, 1, 2, 0, 0, 0, 1, 1, 0, 1, 1, 0]
r_1795 FALSE politics [4, 0, 0, 3, 1, 3, 0, 0, 0, 0, 0, 0, 0, 0, 0, 0, 0, 0, 0, 0, 0, 0, 0, 0]
r_1797 FALSE politics [129, 8, 3, 5, 1, 0, 1, 1, 1, 1, 10, 6, 1, 0, 0, 0, 0, 1, 1, 0, 0, 0, 0, 0]
r_1798 FALSE politics [66, 22, 4, 2, 3, 1, 3, 4, 4, 1, 6, 4, 0, 3, 0, 0, 0, 0, 4, 0, 0, 0, 0, 0]
r_1800 FALSE politics [82, 23, 5, 2, 2, 2, 2, 7, 10, 7, 11, 4, 4, 0, 5, 0, 0, 1, 0, 0, 0, 0, 0, 0]
r_1801 FALSE politics [65, 13, 10, 7, 5, 0, 2, 1, 8, 10, 8, 3, 5, 6, 10, 2, 2, 3, 0, 1, 1, 3, 0, 1]
r_1802 FALSE politics [109, 16, 7, 6, 6, 7, 6, 9, 5, 3, 4, 2, 1, 1, 1, 0, 2, 2, 0, 2, 2, 0, 1, 1]
r_1803 FALSE politics [54, 23, 2, 0, 0, 1, 0, 1, 0, 1, 0, 0, 1, 3, 0, 0, 0, 0, 0, 0, 0, 0, 0, 0]
r_1804 FALSE politics [38, 10, 40, 14, 11, 6, 1, 2, 11, 12, 2, 0, 2, 0, 0, 0, 1, 1, 2, 0, 1, 1, 0, 0]
r_1805 FALSE politics [94, 23, 18, 15, 2, 2, 1, 1, 1, 0, 3, 2, 1, 1, 0, 1, 2, 0, 0, 0, 0, 2, 0, 0]
r_1806 FALSE politics [24, 12, 11, 5, 1, 0, 1, 1, 0, 1, 0, 0, 0, 0, 0, 0, 0, 0, 0, 0, 0, 0, 0, 0]
r_1807 FALSE politics [1, 0, 0, 0, 0, 0, 1, 0, 0, 0, 0, 0, 0, 0, 0, 0, 0, 0, 0, 0, 0, 0, 0, 0]
r_1808 FALSE politics [807, 844, 763, 591, 411, 296, 201, 131, 142, 87, 71, 80, 46, 39, 49, 45, 46, 44, 33, 20, 18, 12, 19, 10]
r_1809 FALSE politics [22, 6, 4, 3, 1, 3, 1, 0, 5, 1, 16, 17, 20, 5, 1, 3, 4, 0, 2, 0, 8, 6, 0, 0]
r_1810 FALSE politics [92, 16, 12, 11, 4, 4, 2, 1, 9, 5, 1, 0, 31, 3, 2, 2, 1, 0, 0, 0, 3, 2, 1, 1]
r_1812 FALSE politics [1, 62, 38, 25, 10, 5, 1, 5, 4, 3, 2, 1, 4, 5, 7, 3, 1, 1, 1, 3, 0, 1, 0, 0]
r_1813 FALSE politics [71, 25, 25, 9, 1, 5, 2, 3, 2, 1, 1, 0, 1, 1, 0, 0, 0, 0, 0, 1, 0, 2, 0, 0]
r_1815 FALSE politics [85, 40, 9, 14, 4, 12, 7, 3, 3, 4, 1, 0, 0, 0, 0, 0, 0, 2, 1, 0, 2, 0, 0, 0]
r_1816 FALSE politics [74, 17, 5, 2, 2, 0, 2, 0, 2, 3, 5, 1, 0, 1, 0, 4, 0, 0, 2, 0, 2, 0, 0, 0]
r_1818 FALSE politics [53, 29, 14, 7, 7, 21, 9, 4, 6, 5, 1, 0, 0, 2, 0, 0, 2, 2, 42, 10, 14, 13, 9, 8]
r_1820 FALSE politics [6, 1, 0, 0, 0, 1, 0, 0, 0, 0, 0, 0, 0, 0, 0, 0, 0, 0, 0, 0, 0, 0, 0, 0]
r_1822 FALSE politics [51, 23, 14, 3, 6, 6, 12, 2, 2, 3, 1, 0, 0, 3, 12, 2, 1, 17, 12, 2, 0, 0, 1, 1]
r_1823 FALSE politics [129, 26, 16, 7, 6, 1, 2, 2, 3, 2, 0, 1, 1, 1, 1, 0, 1, 0, 0, 1, 1, 1, 1, 1]
r_1826 FALSE politics [76, 65, 21, 5, 8, 1, 0, 2, 0, 1, 1, 0, 0, 0, 0, 1, 1, 1, 0, 0, 0, 1, 0, 0]
r_1827 FALSE politics [116, 18, 22, 6, 1, 0, 1, 4, 4, 8, 10, 3, 1, 2, 1, 0, 3, 2, 0, 1, 0, 1, 0, 3]
r_1830 FALSE politics [82, 29, 12, 11, 5, 8, 15, 5, 5, 4, 19, 5, 2, 1, 1, 0, 1, 0, 0, 0, 0, 2, 1, 0]
r_1831 FALSE politics [36, 42, 25, 15, 5, 1, 1, 1, 4, 7, 12, 10, 3, 2, 1, 1, 0, 1, 0, 0, 1, 0, 0, 1]
r_1832 FALSE politics [95, 42, 21, 5, 4, 1, 1, 2, 2, 2, 12, 6, 3, 4, 1, 3, 1, 0, 0, 3, 0, 0, 0, 0]
r_1833 FALSE politics [24, 29, 35, 7, 7, 3, 4, 0, 1, 3, 0, 2, 3, 4, 5, 3, 30, 6, 1, 0, 0, 2, 5, 5]
r_1834 FALSE politics [64, 37, 40, 28, 5, 2, 0, 2, 0, 0, 3, 11, 3, 4, 10, 8, 3, 1, 1, 0, 3, 5, 3, 0]
r_1838 FALSE politics [138, 62, 35, 12, 7, 32, 35, 11, 4, 8, 6, 7, 10, 8, 5, 4, 6, 12, 3, 2, 2, 1, 2, 2]
r_1839 FALSE politics [42, 38, 6, 10, 6, 11, 6, 7, 1, 0, 2, 6, 13, 9, 4, 3, 3, 2, 2, 12, 0, 1, 1, 3]
r_1840 FALSE politics [39, 5, 19, 3, 12, 2, 0, 3, 1, 3, 1, 1, 2, 3, 3, 0, 1, 0, 0, 0, 0, 0, 0, 1]
r_1843 FALSE politics [157, 43, 21, 10, 10, 5, 4, 3, 1, 0, 1, 1, 1, 2, 0, 1, 1, 1, 0, 1, 1, 1, 0, 0]
r_1844 FALSE politics [130, 23, 22, 8, 7, 5, 2, 2, 9, 19, 4, 1, 0, 1, 1, 1, 0, 0, 0, 0, 0, 1, 2, 1]
r_1847 FALSE politics [66, 84, 8, 4, 1, 3, 9, 6, 2, 8, 1, 1, 0, 2, 0, 1, 0, 0, 2, 2, 0, 1, 0, 0]
r_1848 FALSE politics [73, 33, 19, 25, 13, 12, 5, 2, 2, 0, 0, 1, 1, 0, 1, 9, 0, 1, 1, 6, 0, 3, 0, 0]
r_1849 FALSE politics [26, 16, 4, 4, 24, 6, 6, 2, 0, 1, 0, 0, 0, 0, 0, 1, 0, 0, 1, 0, 0, 0, 0, 0]
r_1850 FALSE politics [33, 8, 6, 2, 6, 0, 0, 0, 0, 2, 0, 0, 0, 0, 0, 0, 0, 0, 5, 1, 0, 6, 0, 0]
r_1851 FALSE politics [38, 19, 20, 44, 52, 23, 8, 3, 1, 4, 0, 2, 2, 0, 3, 1, 1, 1, 1, 2, 1, 1, 1, 4]
r_1852 FALSE politics [49, 11, 20, 7, 2, 2, 0, 0, 4, 2, 5, 3, 1, 1, 4, 3, 0, 0, 3, 1, 0, 15, 11, 20]
r_1854 FALSE politics [27, 13, 8, 12, 67, 34, 7, 7, 8, 1, 3, 5, 2, 3, 0, 0, 0, 0, 0, 0, 0, 0, 1, 1]
r_1855 FALSE politics [117, 32, 18, 15, 4, 6, 1, 15, 1, 1, 1, 0, 2, 2, 0, 0, 0, 0, 0, 0, 0, 0, 0, 0]
r_1856 FALSE politics [8, 9, 15, 23, 31, 20, 8, 1, 4, 3, 13, 2, 0, 6, 2, 0, 1, 1, 10, 5, 2, 3, 1, 1]
r_1857 FALSE politics [96, 35, 17, 21, 16, 16, 14, 7, 7, 7, 5, 5, 1, 4, 1, 2, 1, 0, 1, 0, 2, 0, 2, 1]
r_1859 FALSE politics [3, 0, 0, 0, 0, 0, 0, 0, 0, 0, 0, 0, 0, 0, 0, 0, 0, 0, 0, 0, 0, 0, 0, 0]
r_1865 FALSE politics [19, 12, 28, 17, 8, 11, 4, 5, 8, 5, 7, 9, 10, 3, 7, 4, 1, 0, 3, 0, 0, 0, 0, 4]
r_1866 FALSE politics [31, 4, 4, 6, 6, 1, 35, 23, 21, 25, 37, 7, 7, 3, 1, 2, 1, 3, 9, 3, 5, 2, 6, 2]
r_1868 FALSE politics [33, 16, 7, 31, 18, 19, 10, 22, 4, 9, 25, 7, 0, 7, 16, 1, 8, 1, 1, 0, 0, 0, 0, 2]
r_1869 FALSE politics [3, 20, 4, 1, 0, 3, 9, 7, 28, 15, 26, 19, 8, 2, 3, 5, 6, 3, 25, 1, 4, 0, 0, 0]
r_1871 FALSE politics [79, 78, 27, 11, 7, 5, 1, 13, 2, 1, 0, 0, 0, 0, 0, 1, 1, 0, 2, 1, 0, 0, 1, 1]
r_1874 FALSE politics [112, 73, 21, 2, 6, 4, 0, 1, 9, 2, 3, 4, 27, 17, 6, 23, 4, 1, 11, 0, 1, 5, 2, 1]
r_1877 FALSE politics [32, 20, 10, 4, 5, 0, 0, 1, 0, 0, 1, 1, 2, 0, 2, 4, 1, 2, 0, 0, 0, 0, 3, 6]
r_1880 FALSE politics [42, 21, 1, 1, 5, 3, 0, 2, 1, 1, 0, 0, 0, 3, 3, 6, 1, 0, 325, 175, 160, 376, 160, 98]
r_1881 FALSE politics [306, 55, 37, 24, 11, 9, 12, 40, 12, 9, 11, 6, 3, 3, 2, 2, 2, 0, 1, 3, 4, 2, 1, 3]
r_1883 FALSE politics [15, 10, 2, 1, 1, 0, 0, 0, 0, 0, 0, 0, 0, 1, 0, 0, 0, 0, 0, 0, 0, 1, 0, 0]
r_1885 FALSE politics [215, 65, 21, 11, 15, 6, 5, 2, 2, 1, 2, 10, 11, 9, 1, 2, 1, 3, 0, 3, 2, 1, 1, 1]
r_1886 FALSE politics [57, 31, 35, 25, 18, 7, 4, 3, 2, 3, 2, 8, 5, 7, 8, 10, 14, 17, 9, 6, 4, 4, 1, 3]
r_1887 FALSE politics [82, 35, 14, 28, 20, 6, 7, 9, 12, 0, 16, 5, 0, 0, 1, 0, 19, 6, 5, 0, 1, 3, 25, 5]
r_1888 FALSE politics [247, 62, 29, 21, 17, 8, 5, 6, 1, 1, 2, 2, 1, 2, 3, 2, 1, 1, 2, 4, 0, 1, 1, 0]
r_1890 FALSE politics [72, 52, 36, 42, 47, 32, 15, 4, 4, 4, 12, 17, 7, 2, 1, 2, 0, 2, 1, 0, 0, 0, 1, 0]
r_1891 FALSE politics [209, 82, 41, 19, 7, 14, 3, 2, 2, 1, 2, 0, 5, 8, 9, 5, 4, 1, 2, 0, 4, 1, 1, 0]
r_1892 FALSE politics [193, 82, 23, 11, 12, 5, 10, 6, 1, 5, 4, 3, 3, 4, 2, 0, 1, 1, 0, 0, 0, 1, 0, 0]
r_1893 FALSE politics [323, 40, 14, 10, 8, 5, 3, 4, 4, 4, 0, 3, 2, 1, 1, 1, 3, 1, 2, 0, 0, 0, 0, 2]
r_1894 FALSE politics [8, 1, 0, 0, 0, 5, 2, 3, 0, 2, 0, 1, 0, 0, 1, 0, 0, 0, 0, 0, 0, 0, 0, 0]
r_1895 FALSE politics [142, 89, 40, 36, 26, 36, 10, 15, 4, 6, 6, 2, 2, 2, 0, 0, 1, 1, 2, 0, 0, 1, 3, 0]
r_1896 FALSE politics [244, 44, 21, 14, 10, 3, 3, 2, 3, 3, 1, 2, 0, 4, 1, 1, 3, 0, 2, 3, 0, 1, 1, 2]
r_1898 FALSE politics [304, 32, 17, 3, 9, 5, 1, 3, 7, 4, 2, 2, 7, 1, 3, 1, 1, 2, 0, 0, 1, 1, 4, 1]
r_19 FALSE politics [24, 7, 7, 20, 18, 6, 13, 26, 17, 2, 11, 1, 0, 0, 1, 3, 6, 2, 10, 27, 16, 25, 8, 18]
r_1900 FALSE politics [266, 38, 21, 26, 13, 9, 12, 3, 6, 1, 1, 1, 2, 3, 0, 4, 1, 0, 1, 2, 1, 1, 1, 2]
r_1901 FALSE politics [972, 1787, 1147, 664, 439, 258, 165, 122, 64, 75, 136, 164, 159, 152, 140, 213, 133, 107, 88, 114, 85, 86, 85, 111]
r_1902 FALSE politics [150, 28, 26, 4, 17, 10, 7, 10, 6, 6, 2, 4, 2, 0, 1, 0, 2, 1, 2, 3, 0, 0, 3, 27]
r_1906 FALSE politics [106, 33, 8, 14, 12, 10, 125, 24, 27, 10, 2, 4, 5, 4, 1, 1, 5, 4, 3, 1, 3, 2, 1, 2]
r_1909 FALSE politics [69, 50, 59, 40, 19, 56, 41, 21, 21, 18, 17, 5, 16, 5, 1, 2, 9, 7, 9, 4, 3, 7, 4, 4]
r_1911 FALSE politics [366, 66, 38, 20, 17, 11, 5, 3, 6, 1, 3, 1, 0, 2, 3, 0, 0, 0, 1, 0, 1, 1, 0, 2]
r_1913 FALSE politics [80, 38, 59, 19, 21, 2, 33, 9, 23, 5, 28, 17, 9, 3, 10, 12, 5, 2, 6, 1, 1, 2, 3, 0]
r_1914 FALSE politics [75, 35, 28, 25, 15, 26, 8, 5, 9, 5, 3, 3, 2, 3, 6, 11, 4, 6, 8, 7, 17, 12, 6, 11]
r_1915 FALSE politics [197, 41, 27, 57, 24, 29, 12, 3, 5, 9, 2, 1, 2, 0, 0, 1, 0, 1, 3, 28, 15, 13, 2, 1]
r_1916 FALSE politics [93, 114, 67, 52, 34, 21, 13, 3, 11, 7, 3, 35, 12, 6, 4, 4, 6, 0, 1, 104, 126, 101, 79, 103]
r_1920 FALSE politics [182, 79, 28, 11, 11, 4, 4, 3, 12, 11, 3, 10, 9, 12, 13, 11, 8, 0, 1, 1, 3, 3, 5, 6]
r_1921 FALSE politics [148, 107, 110, 75, 59, 37, 26, 15, 8, 9, 0, 1, 3, 3, 2, 2, 6, 6, 4, 8, 5, 1, 1, 0]
r_1923 FALSE politics [373, 63, 32, 21, 13, 15, 12, 5, 17, 11, 16, 9, 16, 16, 6, 6, 3, 5, 5, 4, 9, 8, 3, 8]
r_1924 FALSE politics [250, 105, 85, 61, 46, 28, 25, 13, 20, 13, 6, 8, 7, 5, 3, 4, 2, 2, 1, 3, 1, 4, 4, 3]
r_1925 FALSE politics [198, 121, 83, 56, 57, 17, 9, 6, 11, 6, 5, 15, 11, 12, 16, 3, 3, 4, 3, 5, 3, 5, 4, 2]
r_1927 FALSE politics [127, 85, 57, 21, 29, 11, 3, 4, 2, 2, 15, 6, 4, 15, 13, 6, 10, 4, 8, 7, 3, 8, 19, 14]
r_1931 FALSE politics [213, 101, 94, 48, 25, 15, 8, 7, 8, 6, 9, 6, 25, 19, 10, 13, 17, 7, 2, 3, 3, 15, 2, 4]
r_1933 FALSE politics [141, 37, 37, 23, 8, 13, 5, 11, 13, 35, 29, 42, 34, 34, 17, 48, 28, 13, 7, 20, 16, 33, 21, 19]
r_1935 FALSE politics [506, 71, 45, 10, 6, 19, 8, 2, 3, 13, 4, 4, 2, 7, 6, 3, 0, 26, 23, 4, 5, 3, 4, 1]
r_1939 FALSE politics [399, 138, 96, 61, 40, 15, 21, 15, 16, 22, 11, 14, 6, 6, 5, 5, 3, 4, 0, 3, 0, 4, 3, 7]
r_1942 FALSE politics [330, 108, 63, 73, 21, 15, 41, 30, 4, 4, 15, 24, 4, 4, 8, 5, 0, 0, 1, 1, 0, 0, 1, 0]
r_1943 FALSE politics [462, 154, 70, 49, 29, 32, 15, 11, 7, 6, 9, 7, 0, 2, 0, 0, 0, 1, 4, 2, 1, 4, 3, 1]
r_1944 FALSE politics [119, 59, 40, 12, 9, 12, 17, 38, 50, 44, 60, 57, 35, 32, 14, 16, 39, 20, 25, 18, 23, 8, 6, 10]
r_1954 FALSE politics [282, 72, 60, 43, 51, 11, 11, 3, 24, 20, 36, 24, 20, 19, 17, 21, 24, 4, 8, 2, 4, 13, 5, 22]
r_1955 FALSE politics [143, 46, 73, 88, 87, 84, 84, 107, 78, 67, 36, 55, 46, 19, 64, 33, 27, 12, 31, 19, 15, 8, 1, 8]
r_1958 FALSE politics [649, 159, 129, 74, 41, 35, 37, 17, 21, 17, 11, 9, 6, 2, 1, 6, 4, 3, 7, 12, 14, 8, 10, 10]
r_1959 FALSE politics [504, 173, 117, 81, 70, 59, 46, 37, 34, 21, 10, 6, 4, 3, 5, 2, 9, 6, 10, 13, 8, 5, 15, 3]
r_1960 FALSE politics [278, 90, 106, 54, 72, 38, 135, 72, 26, 25, 14, 6, 1, 9, 13, 16, 23, 15, 9, 25, 40, 33, 36, 24]
r_1961 FALSE politics [247, 292, 102, 50, 50, 37, 20, 25, 33, 61, 35, 37, 26, 25, 19, 14, 13, 11, 4, 5, 7, 5, 2, 5]
r_1962 FALSE politics [142, 22, 25, 15, 20, 16, 8, 2, 1, 2, 7, 1, 1, 0, 0, 0, 0, 0, 1, 1, 12, 1, 4, 0]
r_1965 FALSE politics [622, 184, 112, 66, 44, 24, 110, 37, 18, 1, 3, 6, 8, 11, 8, 10, 9, 16, 24, 10, 30, 6, 3, 5]
r_1966 FALSE politics [552, 268, 213, 132, 108, 68, 71, 33, 30, 28, 24, 15, 24, 8, 15, 12, 8, 7, 4, 1, 2, 1, 3, 1]
r_1970 FALSE politics [35, 7, 0, 2, 0, 6, 5, 4, 4, 27, 25, 33, 32, 15, 19, 9, 27, 11, 5, 10, 37, 33, 31, 15]
r_1971 FALSE politics [73, 112, 45, 17, 24, 28, 22, 28, 31, 31, 34, 81, 57, 68, 37, 77, 133, 142, 65, 103, 70, 47, 28, 36]
r_1976 FALSE politics [299, 493, 336, 223, 187, 141, 100, 61, 70, 37, 20, 11, 14, 5, 6, 3, 5, 4, 4, 2, 6, 5, 6, 2]
r_1979 FALSE politics [405, 315, 218, 180, 245, 87, 30, 13, 5, 7, 3, 2, 3, 8, 30, 32, 45, 35, 15, 9, 13, 6, 32, 45]
r_1982 FALSE politics [1104, 220, 88, 31, 26, 21, 39, 74, 182, 108, 141, 113, 109, 69, 56, 44, 45, 44, 30, 24, 24, 17, 28, 11]
r_1983 FALSE politics [775, 298, 176, 115, 84, 50, 50, 43, 47, 52, 79, 84, 122, 81, 50, 85, 53, 50, 41, 34, 23, 43, 25, 12]
r_1984 FALSE politics [967, 375, 276, 198, 128, 121, 52, 53, 57, 33, 27, 21, 40, 23, 17, 17, 48, 14, 10, 4, 5, 3, 6, 7]
r_1986 FALSE politics [18, 25, 20, 9, 5, 1, 0, 1, 0, 0, 0, 0, 0, 0, 0, 0, 1, 0, 1, 0, 0, 0, 0, 0]
r_1989 FALSE politics [542, 359, 272, 226, 157, 171, 190, 153, 167, 96, 84, 44, 26, 14, 13, 22, 37, 72, 49, 65, 56, 64, 42, 71]
r_1990 FALSE politics [1937, 545, 221, 105, 57, 8, 11, 14, 41, 58, 61, 83, 55, 59, 44, 25, 24, 14, 18, 18, 14, 23, 8, 19]
r_1991 FALSE politics [507, 891, 350, 175, 105, 64, 35, 19, 23, 27, 103, 36, 56, 386, 278, 340, 308, 377, 313, 215, 119, 144, 1022, 503]
r_1992 FALSE politics [45, 25, 12, 4, 8, 2, 8, 1, 1, 18, 132, 62, 40, 17, 7, 23, 4, 1, 5, 7, 48, 26, 9, 2]
r_1994 FALSE politics [2338, 696, 356, 195, 143, 107, 79, 82, 55, 59, 48, 61, 39, 15, 13, 7, 3, 4, 4, 4, 13, 14, 20, 10]
r_1995 FALSE politics [572, 877, 492, 525, 395, 187, 138, 170, 81, 42, 60, 53, 40, 29, 26, 43, 24, 24, 24, 51, 68, 63, 44, 43]
r_1997 FALSE politics [1927, 721, 453, 346, 290, 263, 167, 176, 148, 83, 52, 49, 39, 28, 37, 53, 62, 63, 54, 54, 37, 61, 41, 33]
r_2 FALSE politics [3, 4, 9, 7, 7, 0, 0, 2, 4, 0, 0, 0, 0, 0, 0, 0, 1, 0, 0, 1, 2, 0, 1, 1]
r_20 FALSE politics [13, 7, 8, 2, 1, 2, 23, 9, 0, 0, 0, 0, 0, 0, 0, 0, 0, 0, 0, 0, 0, 0, 0, 0]
r_2000 FALSE politics [306, 626, 493, 593, 616, 551, 649, 475, 309, 126, 62, 37, 22, 58, 81, 120, 148, 201, 327, 284, 339, 178, 78, 69]
r_2001 FALSE politics [3213, 1039, 878, 621, 469, 315, 222, 181, 136, 126, 104, 121, 159, 196, 195, 193, 152, 175, 110, 108, 116, 101, 76, 69]
r_2003 FALSE politics [180, 259, 847, 729, 469, 451, 407, 335, 447, 224, 303, 187, 130, 334, 348, 199, 125, 174, 220, 190, 159, 767, 439, 185]
r_2006 FALSE politics [3, 0, 1, 0, 0, 0, 4, 1, 0, 0, 0, 0, 0, 0, 0, 1, 3, 3, 12, 37, 50, 68, 101, 58]
r_21 FALSE politics [2, 0, 0, 0, 0, 0, 0, 0, 4, 9, 2, 0, 1, 6, 0, 0, 0, 0, 0, 0, 0, 0, 0, 7]
r_22 FALSE politics [2, 0, 0, 0, 4, 0, 1, 2, 0, 0, 0, 0, 0, 0, 0, 0, 0, 0, 0, 0, 0, 0, 0, 6]
r_23 FALSE politics [192, 178, 201, 135, 159, 105, 70, 74, 50, 36, 46, 94, 131, 169, 247, 197, 190, 136, 110, 56, 72, 59, 45, 32]
r_24 FALSE politics [5, 0, 2, 0, 0, 0, 3, 2, 1, 1, 6, 2, 2, 1, 0, 3, 1, 0, 0, 0, 0, 1, 0, 0]
r_25 FALSE politics [16, 1, 50, 15, 27, 10, 23, 4, 9, 5, 4, 33, 7, 3, 1, 0, 1, 5, 2, 0, 2, 0, 1, 2]
r_26 FALSE politics [1430, 1638, 1041, 786, 670, 575, 430, 520, 884, 496, 489, 407, 226, 138, 66, 30, 21, 43, 91, 147, 236, 259, 183, 117]
r_27 FALSE politics [2, 32, 13, 8, 8, 2, 1, 3, 3, 6, 2, 5, 3, 3, 5, 3, 3, 0, 0, 1, 0, 0, 0, 1]
r_29 FALSE politics [38, 32, 34, 16, 11, 19, 16, 11, 24, 6, 6, 19, 17, 1, 2, 8, 2, 6, 3, 12, 2, 5, 22, 7]
r_3 FALSE politics [2, 0, 0, 0, 0, 0, 0, 0, 0, 0, 0, 0, 0, 0, 0, 0, 0, 0, 0, 0, 0, 0, 0, 0]
r_30 FALSE politics [1, 0, 1, 0, 0, 0, 0, 0, 0, 0, 0, 0, 0, 0, 0, 0, 0, 0, 0, 0, 1, 0, 0, 0]
r_31 FALSE politics [64, 58, 59, 61, 60, 66, 56, 33, 25, 53, 38, 7, 8, 15, 63, 24, 8, 6, 3, 0, 2, 6, 3, 15]
r_32 FALSE politics [1, 1, 0, 0, 2, 0, 0, 0, 0, 7, 4, 3, 0, 2, 0, 0, 0, 0, 0, 0, 0, 0, 0, 3]
r_337 FALSE politics [20, 7, 1, 0, 0, 0, 0, 0, 0, 1, 0, 0, 0, 0, 0, 0, 0, 2, 0, 0, 0, 0, 0, 0]
r_34 FALSE politics [2, 0, 0, 0, 2, 0, 0, 0, 0, 0, 0, 0, 0, 0, 0, 0, 0, 0, 0, 1, 0, 0, 0, 0]
r_35 FALSE politics [9, 7, 3, 9, 3, 5, 8, 1, 1, 7, 1, 3, 3, 4, 0, 1, 1, 1, 1, 1, 0, 0, 0, 0]
r_36 FALSE politics [4, 0, 0, 0, 0, 0, 0, 0, 1, 2, 1, 2, 0, 1, 2, 1, 4, 0, 0, 0, 3, 3, 1, 2]
r_370 FALSE politics [2, 0, 0, 0, 0, 0, 0, 0, 0, 0, 0, 0, 0, 0, 0, 0, 0, 0, 0, 0, 0, 0, 0, 0]
r_374 FALSE politics [2, 2, 0, 0, 0, 0, 0, 0, 0, 0, 0, 0, 0, 1, 0, 1, 0, 0, 0, 0, 0, 0, 0, 0]
r_38 FALSE politics [161, 74, 46, 62, 81, 132, 234, 73, 31, 24, 14, 31, 38, 42, 52, 38, 29, 25, 21, 34, 15, 16, 12, 1056]
r_393 FALSE politics [11746, 3504, 2720, 2643, 2305, 2653, 2568, 1963, 1510, 1473, 1426, 1385, 1393, 1483, 1343, 1501, 1333, 1275, 1512, 1484, 1388, 1303, 1816, 1881]
r_394 FALSE politics [7079, 2051, 1589, 1524, 1388, 1575, 1443, 1180, 843, 872, 854, 826, 882, 859, 798, 877, 784, 741, 936, 850, 812, 766, 1086, 1075]
r_395 FALSE politics [3537, 913, 725, 755, 627, 690, 675, 494, 381, 377, 367, 367, 363, 385, 373, 385, 371, 356, 441, 324, 357, 337, 477, 510]
r_396 FALSE politics [1703, 434, 333, 354, 318, 346, 327, 236, 201, 180, 211, 178, 181, 215, 194, 193, 194, 160, 169, 183, 191, 208, 238, 227]
r_397 FALSE politics [2037, 503, 375, 380, 354, 384, 364, 264, 219, 195, 211, 203, 211, 224, 193, 199, 213, 194, 211, 215, 202, 216, 248, 254]
r_398 FALSE politics [1136, 378, 256, 288, 211, 268, 212, 195, 138, 140, 127, 128, 141, 120, 141, 138, 125, 127, 136, 159, 154, 110, 180, 169]
r_4 FALSE politics [42, 31, 23, 10, 3, 0, 5, 3, 3, 21, 2, 1, 1, 2, 1, 1, 0, 0, 2, 7, 1, 9, 6, 3]
r_40 FALSE politics [2, 0, 0, 0, 0, 0, 0, 0, 0, 0, 0, 0, 0, 0, 0, 0, 0, 0, 0, 0, 0, 0, 0, 0]
r_400 FALSE politics [1, 1, 0, 0, 0, 0, 0, 0, 0, 0, 0, 0, 0, 0, 0, 0, 0, 0, 0, 0, 0, 0, 0, 0]
r_402 FALSE politics [11, 0, 0, 0, 0, 0, 0, 0, 0, 0, 0, 0, 0, 0, 0, 0, 0, 0, 0, 0, 0, 0, 0, 0]
r_403 FALSE politics [3, 1, 3, 0, 0, 0, 2, 0, 0, 2, 1, 0, 0, 0, 0, 1, 1, 0, 0, 0, 0, 0, 0, 0]
r_405 FALSE politics [2, 0, 0, 0, 0, 0, 0, 1, 1, 0, 0, 0, 0, 0, 0, 0, 0, 0, 0, 0, 0, 0, 0, 0]
r_407 FALSE politics [3, 0, 0, 0, 0, 0, 0, 0, 0, 0, 0, 0, 0, 0, 0, 0, 0, 0, 0, 0, 0, 0, 0, 0]
r_408 FALSE politics [2, 0, 0, 0, 0, 0, 0, 0, 0, 0, 0, 0, 0, 0, 0, 0, 0, 0, 0, 0, 0, 0, 0, 0]
r_41 FALSE politics [2, 0, 0, 0, 0, 0, 0, 0, 0, 0, 0, 0, 0, 0, 0, 0, 0, 0, 0, 0, 0, 0, 0, 0]
r_416 FALSE politics [12, 1, 0, 0, 0, 1, 1, 0, 0, 0, 0, 0, 0, 0, 1, 0, 0, 0, 0, 0, 0, 0, 0, 1]
r_42 FALSE politics [72, 39, 103, 62, 51, 32, 121, 95, 49, 12, 26, 23, 4, 4, 3, 0, 3, 37, 24, 7, 15, 37, 32, 14]
r_426 FALSE politics [2, 0, 1, 0, 0, 0, 0, 0, 0, 1, 0, 0, 0, 0, 0, 0, 1, 0, 1, 4, 2, 0, 0, 0]
r_428 FALSE politics [25, 1, 1, 0, 0, 1, 0, 0, 1, 0, 0, 0, 0, 0, 0, 1, 0, 0, 0, 0, 0, 0, 0, 0]
r_429 FALSE politics [3, 0, 0, 0, 0, 0, 0, 0, 0, 0, 0, 0, 0, 0, 0, 0, 0, 0, 0, 0, 0, 0, 0, 0]
r_43 FALSE politics [19, 15, 7, 35, 45, 24, 19, 21, 81, 18, 100, 43, 9, 4, 0, 0, 4, 10, 14, 34, 19, 28, 28, 27]
r_431 FALSE politics [1, 0, 0, 0, 0, 0, 0, 0, 0, 0, 0, 0, 0, 0, 0, 0, 0, 0, 0, 0, 1, 0, 0, 0]
r_432 FALSE politics [1, 0, 1, 0, 0, 0, 0, 0, 0, 0, 0, 0, 0, 0, 0, 0, 0, 0, 0, 0, 0, 0, 0, 0]
r_433 FALSE politics [2, 0, 0, 0, 0, 0, 3, 2, 0, 0, 0, 0, 0, 0, 0, 0, 0, 0, 0, 2, 0, 0, 0, 0]
r_434 FALSE politics [3, 2, 0, 0, 0, 0, 0, 0, 0, 0, 0, 0, 0, 0, 0, 0, 0, 0, 0, 0, 0, 0, 0, 0]
r_44 FALSE politics [4, 0, 0, 0, 0, 0, 0, 0, 0, 0, 0, 0, 0, 0, 0, 0, 0, 0, 1, 67, 22, 8, 1, 1]
r_441 FALSE politics [52, 7, 2, 1, 1, 0, 1, 0, 1, 0, 1, 1, 0, 0, 0, 0, 0, 0, 0, 0, 0, 0, 0, 0]
r_443 FALSE politics [1, 0, 0, 0, 0, 0, 0, 3, 0, 1, 0, 0, 0, 0, 8, 2, 0, 0, 0, 1, 1, 10, 2, 1]
r_444 FALSE politics [2, 0, 0, 0, 1, 0, 0, 0, 0, 0, 0, 0, 0, 0, 0, 0, 0, 0, 0, 0, 0, 0, 0, 0]
r_445 FALSE politics [7, 1, 0, 0, 0, 0, 0, 1, 0, 0, 0, 0, 0, 0, 0, 0, 0, 0, 0, 0, 0, 0, 0, 0]
r_446 FALSE politics [9, 11, 3, 1, 1, 2, 0, 0, 2, 1, 1, 2, 0, 0, 0, 0, 0, 0, 0, 0, 0, 1, 0, 0]
r_448 FALSE politics [1, 1, 0, 0, 0, 0, 0, 0, 0, 0, 0, 0, 0, 0, 0, 0, 0, 0, 0, 0, 0, 0, 0, 0]
r_450 FALSE politics [5, 1, 0, 0, 0, 0, 0, 0, 0, 0, 0, 0, 0, 0, 0, 0, 0, 0, 0, 0, 0, 0, 0, 0]
r_454 FALSE politics [20, 1, 1, 2, 1, 0, 0, 0, 0, 0, 0, 0, 1, 1, 0, 0, 0, 0, 0, 0, 0, 0, 0, 0]
r_456 FALSE politics [1, 0, 0, 0, 1, 0, 0, 0, 0, 0, 0, 0, 0, 0, 0, 0, 0, 0, 0, 0, 0, 0, 0, 0]
r_46 FALSE politics [222, 205, 46, 27, 16, 12, 16, 6, 6, 9, 8, 2, 0, 4, 0, 1, 2, 5, 0, 17, 6, 1, 0, 2]
r_506 FALSE politics [3, 0, 0, 4, 0, 0, 0, 0, 0, 0, 0, 0, 0, 0, 0, 0, 0, 0, 0, 0, 0, 0, 0, 0]
r_51 FALSE politics [2, 2, 0, 0, 0, 0, 0, 0, 0, 0, 0, 0, 0, 0, 0, 0, 0, 0, 0, 0, 5, 2, 0, 2]
r_518 FALSE politics [3, 0, 1, 0, 0, 0, 0, 0, 0, 2, 0, 0, 0, 0, 0, 0, 0, 0, 0, 0, 0, 0, 0, 0]
r_520 FALSE politics [1, 0, 0, 0, 0, 0, 0, 0, 0, 0, 0, 0, 2, 0, 0, 0, 0, 0, 0, 0, 0, 0, 0, 0]
r_528 FALSE politics [1, 0, 0, 0, 0, 0, 0, 0, 0, 0, 0, 0, 0, 0, 0, 0, 0, 0, 5, 4, 0, 0, 0, 1]
r_530 FALSE politics [12, 2, 0, 0, 0, 4, 4, 0, 1, 0, 0, 0, 1, 1, 0, 1, 0, 0, 0, 0, 0, 0, 0, 1]
r_538 FALSE politics [2, 1, 0, 0, 0, 0, 0, 0, 0, 0, 0, 0, 0, 0, 0, 0, 0, 0, 0, 0, 0, 0, 0, 0]
r_54 FALSE politics [92, 53, 26, 9, 6, 0, 0, 0, 3, 9, 7, 14, 23, 95, 272, 183, 115, 147, 178, 228, 169, 174, 206, 141]
r_545 FALSE politics [2, 2, 7, 2, 0, 1, 2, 0, 0, 0, 0, 0, 0, 0, 0, 0, 0, 0, 0, 0, 0, 0, 0, 0]
r_546 FALSE politics [13, 1, 0, 0, 0, 0, 0, 0, 0, 0, 0, 0, 0, 0, 0, 0, 0, 0, 0, 0, 0, 0, 0, 0]
r_549 FALSE politics [126, 21, 30, 33, 5, 3, 0, 7, 2, 0, 4, 11, 0, 2, 1, 1, 0, 0, 1, 3, 5, 0, 2, 0]
r_55 FALSE politics [7, 0, 0, 2, 0, 4, 1, 1, 0, 0, 0, 4, 0, 0, 0, 1, 0, 0, 0, 0, 0, 0, 0, 0]
r_553 FALSE politics [1, 0, 5, 14, 14, 16, 5, 1, 0, 4, 2, 5, 0, 0, 1, 0, 0, 0, 8, 0, 1, 0, 0, 1]
r_559 FALSE politics [4, 0, 0, 0, 0, 0, 0, 0, 0, 0, 0, 0, 0, 0, 0, 0, 0, 0, 0, 0, 0, 0, 0, 0]
r_56 FALSE politics [1386, 560, 815, 238, 150, 119, 91, 52, 45, 30, 68, 35, 23, 14, 5, 10, 9, 9, 11, 17, 33, 20, 79, 49]
r_57 FALSE politics [3, 5, 3, 2, 4, 1, 1, 3, 5, 3, 14, 3, 6, 3, 3, 5, 4, 9, 7, 6, 5, 12, 10, 8]
r_579 FALSE politics [4, 0, 0, 0, 0, 0, 0, 0, 0, 0, 0, 0, 0, 1, 0, 0, 0, 0, 0, 0, 0, 0, 0, 0]
r_58 FALSE politics [2, 0, 0, 0, 0, 0, 0, 0, 0, 0, 0, 0, 0, 0, 0, 0, 0, 0, 0, 0, 0, 0, 0, 0]
r_580 FALSE politics [2, 0, 3, 1, 0, 0, 0, 0, 1, 2, 2, 0, 0, 0, 0, 0, 1, 1, 0, 0, 0, 0, 0, 0]
r_583 FALSE politics [29, 14, 15, 12, 2, 5, 1, 2, 0, 0, 0, 0, 0, 0, 0, 0, 0, 0, 0, 0, 19, 39, 8, 9]
r_585 FALSE politics [4, 5, 0, 0, 0, 0, 0, 0, 0, 0, 0, 0, 0, 0, 0, 0, 0, 0, 0, 0, 0, 0, 0, 0]
r_59 FALSE politics [2, 0, 0, 0, 0, 0, 0, 0, 0, 0, 0, 0, 0, 0, 0, 0, 0, 0, 0, 0, 0, 0, 0, 0]
r_602 FALSE politics [1, 0, 4, 2, 0, 1, 1, 2, 0, 0, 0, 0, 3, 1, 0, 1, 0, 0, 0, 0, 0, 0, 0, 0]
r_603 FALSE politics [1, 0, 0, 0, 0, 0, 0, 0, 0, 0, 0, 0, 0, 1, 0, 0, 0, 0, 0, 0, 0, 0, 0, 0]
r_606 FALSE politics [2, 0, 0, 0, 0, 0, 0, 0, 0, 0, 0, 0, 0, 0, 0, 0, 0, 0, 0, 0, 0, 0, 0, 0]
r_614 FALSE politics [3, 0, 0, 20, 49, 28, 50, 31, 5, 9, 5, 4, 0, 2, 2, 8, 3, 11, 2, 3, 15, 5, 1, 1]
r_62 FALSE politics [4, 2, 0, 0, 3, 0, 1, 0, 0, 0, 0, 0, 0, 0, 0, 0, 0, 0, 0, 5, 0, 3, 0, 1]
r_620 FALSE politics [19, 7, 0, 1, 0, 0, 0, 0, 0, 0, 0, 0, 0, 0, 0, 0, 0, 0, 0, 6, 2, 1, 0, 1]
r_621 FALSE politics [3, 0, 0, 0, 0, 0, 0, 0, 0, 0, 0, 0, 0, 0, 0, 0, 0, 0, 0, 0, 0, 0, 0, 0]
r_622 FALSE politics [2, 0, 0, 0, 0, 0, 0, 0, 0, 0, 0, 0, 0, 0, 0, 0, 0, 0, 0, 0, 0, 0, 0, 0]
r_623 FALSE politics [2, 0, 0, 0, 0, 0, 0, 0, 0, 0, 0, 0, 0, 0, 0, 0, 0, 0, 0, 0, 0, 0, 0, 0]
r_63 FALSE politics [4, 1, 0, 0, 0, 0, 0, 0, 0, 0, 0, 0, 0, 0, 0, 0, 3, 0, 2, 0, 0, 0, 0, 0]
r_64 FALSE politics [2, 0, 0, 0, 0, 0, 0, 0, 0, 0, 0, 0, 0, 0, 0, 0, 0, 0, 3, 0, 0, 0, 0, 0]
r_649 FALSE politics [111, 29, 14, 15, 6, 1, 2, 2, 0, 2, 0, 1, 0, 1, 1, 0, 0, 0, 1, 1, 0, 0, 0, 0]
r_650 FALSE politics [3, 0, 0, 16, 3, 1, 1, 0, 0, 0, 0, 0, 1, 0, 0, 0, 2, 0, 4, 2, 0, 0, 10, 7]
r_651 FALSE politics [2, 0, 0, 0, 0, 0, 0, 0, 0, 0, 0, 0, 0, 0, 0, 0, 0, 0, 0, 0, 0, 0, 0, 0]
r_663 FALSE politics [38, 28, 5, 9, 22, 18, 12, 21, 5, 2, 4, 1, 2, 0, 2, 0, 0, 0, 1, 0, 0, 7, 6, 8]
r_672 FALSE politics [4, 1, 1, 0, 1, 3, 0, 0, 1, 0, 1, 0, 1, 0, 0, 1, 1, 0, 0, 0, 0, 0, 0, 0]
r_673 FALSE politics [1, 0, 1, 0, 0, 0, 0, 0, 0, 0, 0, 0, 0, 0, 0, 0, 0, 0, 0, 0, 0, 0, 0, 0]
r_675 FALSE politics [2, 0, 0, 0, 0, 0, 0, 0, 0, 0, 0, 0, 0, 0, 0, 0, 0, 0, 0, 0, 0, 0, 0, 0]
r_676 FALSE politics [1, 0, 1, 0, 0, 0, 0, 0, 0, 0, 0, 0, 0, 0, 0, 0, 0, 0, 0, 0, 0, 0, 0, 0]
r_678 FALSE politics [12, 4, 1, 1, 3, 3, 0, 0, 0, 0, 0, 1, 0, 0, 2, 0, 0, 0, 0, 0, 0, 0, 0, 0]
r_679 FALSE politics [1, 0, 0, 0, 0, 0, 0, 0, 0, 0, 0, 0, 0, 0, 0, 0, 0, 0, 0, 0, 0, 0, 0, 0]
r_681 FALSE politics [2, 0, 0, 0, 0, 0, 0, 0, 0, 0, 0, 0, 0, 0, 0, 0, 0, 0, 0, 0, 0, 0, 0, 0]
r_683 FALSE politics [2, 0, 0, 0, 0, 0, 0, 0, 0, 0, 0, 0, 0, 0, 0, 0, 0, 0, 0, 0, 0, 0, 0, 0]
r_685 FALSE politics [2, 0, 0, 0, 0, 0, 0, 0, 0, 0, 0, 0, 0, 0, 0, 0, 0, 0, 0, 0, 0, 0, 0, 0]
r_687 FALSE politics [1, 0, 0, 0, 0, 0, 0, 0, 0, 0, 0, 0, 0, 0, 0, 0, 0, 0, 0, 0, 0, 0, 0, 0]
r_689 FALSE politics [12, 5, 7, 8, 4, 26, 7, 9, 28, 19, 7, 3, 0, 1, 2, 0, 5, 3, 2, 5, 0, 1, 1, 1]
r_690 FALSE politics [2, 0, 0, 0, 0, 0, 0, 0, 0, 0, 0, 0, 0, 0, 0, 0, 0, 0, 0, 0, 0, 0, 0, 0]
r_692 FALSE politics [24, 14, 8, 4, 2, 10, 8, 12, 14, 10, 11, 15, 12, 15, 25, 7, 24, 15, 8, 14, 8, 6, 5, 3]
r_693 FALSE politics [2, 0, 0, 0, 0, 0, 0, 0, 0, 0, 0, 0, 0, 0, 0, 0, 0, 0, 0, 0, 0, 0, 0, 0]
r_695 FALSE politics [2, 0, 0, 35, 12, 6, 4, 1, 1, 1, 0, 2, 1, 5, 5, 1, 0, 0, 1, 1, 1, 0, 0, 0]
r_696 FALSE politics [2, 0, 0, 0, 0, 0, 0, 0, 0, 0, 0, 0, 0, 0, 0, 0, 0, 0, 0, 0, 0, 0, 0, 0]
r_697 FALSE politics [4, 1, 0, 0, 0, 0, 0, 0, 0, 0, 0, 0, 0, 0, 0, 0, 0, 0, 0, 0, 0, 0, 0, 0]
r_698 FALSE politics [2, 0, 0, 0, 0, 0, 0, 0, 0, 0, 0, 0, 0, 0, 0, 0, 0, 0, 0, 0, 0, 0, 0, 0]
r_700 FALSE politics [8, 4, 2, 2, 4, 1, 2, 38, 15, 28, 16, 7, 6, 3, 7, 4, 1, 4, 0, 4, 1, 0, 1, 1]
r_701 FALSE politics [3, 1, 1, 0, 0, 0, 0, 0, 0, 0, 0, 0, 0, 0, 0, 0, 0, 0, 0, 0, 0, 0, 0, 0]
r_702 FALSE politics [6, 4, 54, 37, 5, 2, 0, 8, 1, 2, 3, 2, 3, 2, 0, 1, 12, 2, 0, 0, 0, 3, 0, 1]
r_705 FALSE politics [2, 1, 1, 1, 0, 0, 0, 0, 0, 0, 0, 0, 0, 0, 0, 0, 0, 0, 0, 0, 0, 0, 0, 0]
r_706 FALSE politics [17, 3, 38, 111, 91, 87, 77, 87, 89, 51, 28, 36, 8, 54, 20, 10, 11, 6, 3, 5, 6, 3, 3, 2]
r_707 FALSE politics [2, 1, 0, 0, 1, 0, 0, 0, 0, 0, 1, 0, 0, 0, 0, 0, 0, 0, 0, 0, 0, 0, 0, 0]
r_708 FALSE politics [2, 0, 0, 0, 0, 0, 0, 0, 0, 0, 0, 0, 0, 0, 0, 0, 0, 0, 0, 0, 0, 0, 0, 0]
r_709 FALSE politics [2, 0, 0, 0, 0, 0, 0, 0, 0, 0, 0, 0, 0, 0, 0, 0, 0, 0, 0, 0, 0, 0, 0, 0]
r_711 FALSE politics [2, 0, 0, 0, 0, 0, 0, 0, 0, 0, 0, 0, 0, 0, 0, 0, 0, 0, 0, 0, 0, 0, 0, 0]
r_712 FALSE politics [2, 0, 0, 0, 0, 0, 0, 0, 0, 0, 0, 0, 0, 0, 0, 0, 0, 0, 0, 0, 0, 0, 0, 0]
r_714 FALSE politics [6, 1, 0, 0, 0, 0, 0, 0, 0, 0, 0, 0, 0, 0, 0, 0, 0, 0, 1, 0, 1, 0, 0, 0]
r_715 FALSE politics [1, 0, 1, 0, 1, 0, 0, 10, 2, 0, 0, 1, 0, 0, 0, 1, 0, 0, 0, 0, 0, 0, 0, 0]
r_716 FALSE politics [8, 2, 0, 2, 4, 7, 0, 1, 0, 0, 0, 1, 0, 2, 1, 1, 1, 0, 1, 0, 0, 0, 0, 0]
r_718 FALSE politics [1, 0, 0, 0, 0, 0, 0, 0, 0, 0, 0, 0, 0, 0, 0, 0, 0, 0, 0, 0, 0, 0, 0, 0]
r_766 FALSE politics [8, 1, 0, 0, 1, 0, 0, 0, 0, 0, 0, 0, 0, 0, 0, 0, 0, 0, 1, 1, 0, 0, 0, 0]
r_789 FALSE politics [16, 12, 13, 6, 0, 6, 1, 0, 2, 0, 0, 0, 1, 0, 0, 1, 2, 3, 0, 0, 0, 0, 2, 3]
r_790 FALSE politics [1, 1, 0, 0, 0, 0, 0, 0, 0, 0, 0, 0, 0, 1, 3, 4, 2, 1, 0, 16, 5, 3, 0, 0]
r_791 FALSE politics [2, 0, 0, 0, 0, 0, 0, 0, 0, 0, 0, 0, 0, 0, 0, 0, 0, 0, 0, 0, 0, 0, 0, 1]
r_792 FALSE politics [163, 42, 11, 12, 39, 21, 8, 4, 5, 1, 0, 0, 4, 4, 2, 0, 0, 2, 1, 0, 0, 1, 15, 1]
r_793 FALSE politics [3, 0, 0, 0, 0, 0, 0, 0, 0, 0, 0, 0, 0, 0, 0, 0, 0, 0, 0, 0, 0, 0, 0, 0]
r_794 FALSE politics [2, 0, 1, 0, 0, 0, 0, 0, 0, 0, 0, 0, 0, 0, 0, 0, 0, 0, 0, 0, 0, 0, 0, 0]
r_795 FALSE politics [3, 0, 0, 2, 0, 0, 0, 0, 0, 0, 0, 0, 0, 0, 0, 0, 0, 0, 0, 0, 0, 0, 0, 3]
r_796 FALSE politics [35, 39, 81, 62, 33, 33, 25, 14, 14, 15, 8, 20, 3, 7, 6, 9, 6, 3, 6, 12, 13, 13, 27, 75]
r_797 FALSE politics [3, 0, 0, 0, 0, 0, 0, 0, 0, 0, 0, 0, 0, 0, 0, 0, 0, 0, 0, 0, 0, 0, 0, 0]
r_798 FALSE politics [3, 0, 0, 0, 0, 0, 0, 0, 0, 0, 0, 0, 0, 0, 0, 0, 0, 0, 0, 0, 0, 0, 0, 0]
r_799 FALSE politics [3, 0, 0, 0, 0, 0, 0, 0, 0, 0, 0, 0, 0, 0, 0, 0, 0, 0, 0, 0, 0, 0, 0, 0]
r_800 FALSE politics [1, 0, 0, 0, 4, 0, 0, 0, 0, 5, 0, 0, 0, 0, 0, 0, 0, 0, 0, 0, 0, 0, 0, 0]
r_801 FALSE politics [64, 164, 29, 16, 8, 8, 12, 18, 30, 15, 13, 2, 5, 6, 6, 2, 2, 4, 1, 3, 3, 3, 0, 6]
r_802 FALSE politics [2, 0, 0, 0, 0, 0, 0, 0, 0, 0, 0, 0, 0, 0, 0, 0, 0, 0, 0, 0, 0, 0, 0, 0]
r_803 FALSE politics [11, 22, 2, 4, 4, 2, 2, 5, 0, 3, 1, 1, 5, 2, 1, 8, 1, 3, 9, 11, 1, 0, 1, 1]
r_804 FALSE politics [1, 0, 0, 0, 0, 0, 1, 0, 0, 1, 0, 0, 0, 0, 0, 0, 0, 0, 0, 0, 0, 0, 0, 0]
r_805 FALSE politics [3, 0, 0, 0, 0, 0, 0, 0, 0, 0, 0, 0, 0, 0, 0, 0, 0, 0, 0, 0, 0, 0, 0, 0]
r_806 FALSE politics [2, 0, 0, 0, 0, 0, 0, 0, 0, 0, 0, 0, 0, 0, 0, 0, 0, 0, 0, 0, 0, 0, 0, 0]
r_807 FALSE politics [3, 0, 0, 0, 0, 0, 0, 0, 0, 0, 0, 0, 0, 0, 0, 0, 0, 0, 0, 0, 0, 0, 0, 0]
r_808 FALSE politics [2, 1, 0, 0, 0, 0, 0, 0, 0, 0, 0, 0, 0, 0, 0, 0, 0, 0, 0, 0, 0, 0, 0, 0]
r_809 FALSE politics [51, 11, 5, 2, 1, 0, 5, 5, 8, 6, 4, 4, 4, 0, 3, 2, 0, 1, 1, 1, 0, 0, 0, 2]
r_810 FALSE politics [3, 0, 0, 0, 0, 0, 0, 0, 0, 0, 0, 0, 0, 0, 0, 0, 0, 0, 0, 0, 0, 0, 0, 0]
r_811 FALSE politics [3, 0, 0, 0, 0, 0, 0, 0, 0, 0, 0, 0, 0, 0, 0, 0, 0, 0, 0, 0, 0, 0, 0, 0]
r_812 FALSE politics [1, 1, 1, 0, 0, 0, 0, 0, 0, 0, 0, 0, 0, 0, 0, 1, 81, 16, 9, 14, 13, 19, 28, 26]
r_813 FALSE politics [45, 40, 42, 25, 12, 8, 8, 8, 4, 4, 0, 5, 2, 2, 6, 4, 1, 0, 2, 0, 1, 1, 1, 0]
r_814 FALSE politics [3, 0, 0, 0, 0, 0, 0, 0, 0, 0, 0, 0, 0, 0, 0, 0, 0, 0, 0, 0, 0, 0, 0, 0]
r_815 FALSE politics [35, 30, 19, 20, 29, 20, 16, 10, 4, 9, 7, 1, 2, 2, 0, 2, 8, 11, 7, 3, 5, 1, 1, 6]
r_816 FALSE politics [3, 0, 0, 0, 0, 0, 0, 0, 0, 0, 0, 0, 0, 0, 0, 0, 0, 0, 0, 0, 0, 0, 0, 0]
r_817 FALSE politics [2, 0, 0, 0, 0, 0, 0, 0, 0, 0, 1, 0, 0, 0, 0, 0, 0, 0, 0, 0, 0, 0, 0, 0]
r_818 FALSE politics [47, 21, 18, 13, 12, 6, 4, 6, 7, 10, 2, 6, 40, 2, 5, 2, 3, 0, 3, 1, 0, 0, 0, 0]
r_849 FALSE politics [69, 15, 30, 7, 14, 12, 1, 1, 0, 4, 4, 5, 0, 1, 1, 2, 14, 8, 0, 2, 9, 1, 1, 0]
r_851 FALSE politics [2, 0, 1, 0, 0, 0, 0, 0, 0, 0, 0, 0, 1, 0, 0, 0, 0, 0, 0, 0, 0, 0, 0, 0]
r_852 FALSE politics [3, 0, 0, 0, 0, 0, 0, 0, 1, 0, 0, 0, 0, 0, 0, 0, 0, 0, 0, 0, 0, 0, 0, 0]
r_853 FALSE politics [3, 0, 0, 0, 0, 0, 0, 0, 0, 0, 0, 0, 0, 0, 0, 0, 0, 0, 0, 0, 0, 0, 0, 0]
r_854 FALSE politics [2, 1, 0, 0, 0, 0, 0, 0, 0, 0, 0, 1, 0, 0, 0, 0, 0, 0, 0, 0, 0, 0, 0, 0]
r_855 FALSE politics [4, 0, 0, 0, 0, 0, 0, 0, 0, 0, 0, 0, 0, 0, 0, 0, 0, 0, 0, 0, 0, 0, 0, 0]
r_856 FALSE politics [1, 0, 0, 1, 0, 1, 0, 0, 0, 3, 0, 0, 0, 0, 0, 0, 0, 0, 0, 0, 0, 0, 0, 0]
r_857 FALSE politics [4, 0, 0, 0, 0, 0, 0, 0, 0, 0, 0, 0, 0, 0, 0, 0, 0, 0, 0, 0, 0, 0, 0, 0]
r_858 FALSE politics [10, 0, 0, 0, 0, 0, 0, 0, 0, 0, 0, 0, 0, 0, 0, 0, 0, 0, 0, 0, 0, 0, 0, 0]
r_859 FALSE politics [3, 1, 0, 0, 0, 0, 0, 0, 0, 0, 0, 0, 0, 0, 0, 0, 0, 0, 0, 0, 0, 0, 0, 0]
r_860 FALSE politics [4, 0, 0, 0, 0, 0, 0, 0, 0, 0, 0, 0, 0, 0, 0, 0, 0, 0, 0, 0, 0, 0, 0, 0]
r_861 FALSE politics [6, 6, 0, 6, 0, 1, 0, 2, 4, 0, 0, 0, 0, 1, 1, 4, 0, 0, 0, 0, 0, 1, 1, 0]
r_862 FALSE politics [4, 0, 0, 0, 0, 0, 0, 0, 0, 0, 0, 0, 0, 0, 0, 0, 0, 0, 0, 0, 0, 0, 0, 0]
r_875 FALSE politics [5, 0, 0, 0, 0, 0, 0, 0, 0, 0, 0, 0, 0, 0, 0, 0, 0, 0, 0, 0, 0, 0, 0, 0]
r_876 FALSE politics [4, 0, 0, 0, 0, 0, 0, 1, 0, 0, 0, 0, 0, 0, 0, 0, 0, 0, 0, 0, 0, 0, 0, 0]
r_877 FALSE politics [5, 0, 0, 0, 0, 0, 0, 0, 0, 0, 0, 0, 0, 0, 0, 0, 0, 0, 0, 0, 0, 0, 0, 0]
r_878 FALSE politics [5, 0, 0, 0, 0, 0, 0, 0, 0, 0, 0, 0, 0, 0, 0, 0, 0, 0, 0, 0, 0, 0, 0, 0]
r_879 FALSE politics [2, 0, 0, 0, 0, 0, 1, 0, 0, 0, 0, 0, 0, 0, 0, 0, 0, 0, 0, 0, 0, 0, 0, 0]
r_880 FALSE politics [5, 0, 0, 0, 0, 0, 0, 0, 0, 0, 0, 0, 0, 0, 0, 0, 0, 0, 0, 0, 0, 0, 0, 0]
r_881 FALSE politics [3, 0, 0, 0, 0, 0, 0, 0, 0, 0, 0, 0, 0, 0, 0, 0, 0, 0, 0, 0, 0, 0, 0, 0]
r_890 FALSE politics [6, 0, 0, 0, 0, 0, 0, 0, 0, 0, 0, 0, 0, 0, 0, 0, 0, 0, 0, 0, 0, 0, 0, 0]
r_891 FALSE politics [6, 0, 0, 0, 0, 0, 0, 0, 0, 0, 0, 0, 0, 0, 0, 0, 0, 0, 0, 0, 0, 0, 0, 0]
r_892 FALSE politics [6, 0, 0, 0, 0, 0, 0, 0, 0, 0, 0, 0, 0, 0, 0, 0, 0, 0, 0, 0, 0, 0, 0, 0]
r_893 FALSE politics [2, 1, 0, 0, 0, 0, 0, 0, 0, 0, 0, 0, 0, 0, 0, 1, 0, 0, 1, 0, 0, 0, 0, 0]
r_894 FALSE politics [3, 1, 1, 1, 0, 0, 0, 0, 0, 0, 0, 0, 0, 0, 0, 0, 0, 0, 0, 0, 0, 0, 0, 0]
r_895 FALSE politics [4, 0, 0, 11, 25, 19, 14, 23, 21, 11, 3, 3, 1, 0, 2, 0, 19, 9, 1, 0, 2, 0, 3, 0]
r_896 FALSE politics [69, 47, 42, 13, 16, 6, 12, 7, 11, 1, 3, 3, 5, 4, 8, 101, 49, 7, 1, 5, 3, 3, 7, 9]
r_905 FALSE politics [4, 0, 1, 0, 0, 1, 0, 2, 0, 0, 0, 0, 0, 0, 0, 0, 1, 1, 1, 10, 22, 9, 1, 0]
r_906 FALSE politics [6, 0, 1, 0, 0, 0, 0, 0, 0, 0, 0, 0, 0, 0, 0, 0, 0, 0, 0, 0, 0, 0, 0, 0]
r_907 FALSE politics [2, 0, 0, 0, 0, 0, 0, 0, 0, 0, 0, 0, 0, 0, 0, 0, 0, 0, 0, 5, 0, 0, 1, 0]
r_908 FALSE politics [6, 0, 0, 0, 0, 0, 0, 0, 0, 0, 0, 0, 0, 0, 0, 0, 0, 0, 0, 0, 0, 0, 0, 0]
r_909 FALSE politics [4, 1, 0, 0, 0, 0, 0, 0, 0, 0, 0, 0, 0, 0, 0, 0, 0, 0, 0, 0, 0, 0, 0, 0]
r_910 FALSE politics [15, 1, 0, 0, 0, 0, 0, 0, 0, 0, 0, 0, 0, 0, 0, 0, 0, 0, 0, 0, 0, 0, 0, 0]
r_912 FALSE politics [6, 1, 0, 0, 0, 0, 0, 0, 0, 0, 0, 0, 0, 0, 0, 0, 0, 0, 0, 0, 0, 0, 0, 0]
r_913 FALSE politics [7, 0, 0, 0, 0, 0, 0, 0, 0, 0, 0, 0, 0, 0, 0, 0, 0, 0, 0, 0, 0, 0, 0, 0]
r_918 FALSE politics [4, 0, 0, 1, 0, 1, 1, 0, 0, 0, 0, 0, 1, 0, 0, 0, 0, 0, 0, 0, 0, 0, 0, 0]
r_919 FALSE politics [1, 0, 0, 0, 0, 0, 0, 0, 0, 0, 0, 0, 0, 1, 0, 0, 0, 0, 0, 0, 0, 0, 0, 0]
r_920 FALSE politics [6, 0, 0, 0, 0, 0, 0, 1, 0, 1, 0, 0, 0, 0, 0, 0, 0, 0, 0, 0, 0, 0, 0, 0]
r_921 FALSE politics [8, 0, 0, 0, 0, 0, 0, 0, 0, 0, 0, 0, 0, 0, 0, 0, 0, 0, 0, 0, 0, 0, 0, 0]
r_922 FALSE politics [4, 1, 1, 0, 0, 0, 0, 0, 0, 0, 0, 0, 0, 0, 0, 0, 0, 1, 0, 0, 1, 0, 0, 0]
r_923 FALSE politics [4, 1, 1, 0, 0, 0, 0, 0, 0, 0, 0, 0, 0, 0, 0, 0, 0, 0, 1, 0, 0, 0, 0, 0]
r_935 FALSE politics [3, 0, 0, 0, 0, 0, 0, 0, 0, 0, 0, 0, 0, 0, 0, 0, 0, 0, 0, 0, 0, 0, 0, 0]
r_936 FALSE politics [3, 0, 0, 0, 0, 0, 0, 0, 0, 0, 0, 0, 0, 0, 0, 0, 0, 0, 0, 0, 0, 0, 0, 0]
r_937 FALSE politics [3, 0, 0, 0, 0, 0, 0, 0, 0, 0, 0, 0, 0, 0, 0, 0, 0, 0, 0, 0, 0, 0, 0, 0]
r_938 FALSE politics [1, 0, 0, 0, 0, 0, 0, 0, 0, 0, 0, 0, 0, 0, 0, 0, 0, 0, 0, 0, 0, 0, 0, 0]
r_939 FALSE politics [1, 0, 0, 1, 1, 0, 0, 0, 0, 0, 0, 0, 0, 0, 0, 0, 0, 0, 0, 0, 0, 0, 0, 0]
r_940 FALSE politics [1, 0, 0, 0, 0, 0, 0, 0, 0, 0, 0, 0, 0, 0, 0, 0, 0, 0, 0, 0, 0, 0, 0, 0]
r_941 FALSE politics [18, 0, 0, 1, 4, 3, 1, 3, 2, 0, 2, 0, 0, 1, 0, 0, 0, 0, 0, 0, 0, 0, 0, 0]
r_942 FALSE politics [3, 0, 0, 0, 0, 0, 0, 0, 0, 0, 0, 0, 0, 0, 0, 0, 0, 0, 0, 0, 0, 0, 0, 0]
r_943 FALSE politics [11, 3, 16, 4, 1, 4, 1, 0, 1, 4, 1, 5, 4, 9, 1, 4, 0, 2, 0, 1, 8, 2, 3, 4]
r_950 FALSE politics [6, 1, 0, 0, 0, 0, 0, 0, 0, 0, 0, 0, 1, 0, 0, 0, 0, 0, 0, 0, 0, 0, 0, 0]
r_951 FALSE politics [9, 0, 0, 1, 1, 1, 0, 1, 1, 1, 1, 0, 3, 0, 0, 0, 0, 0, 0, 0, 0, 0, 1, 0]
r_952 FALSE politics [6, 0, 0, 0, 0, 0, 0, 360, 736, 285, 134, 54, 43, 32, 51, 40, 86, 77, 127, 62, 104, 85, 77, 28]
r_959 FALSE politics [10, 0, 0, 0, 0, 0, 0, 0, 0, 0, 0, 0, 0, 0, 0, 0, 0, 0, 0, 0, 0, 0, 0, 0]
r_960 FALSE politics [6, 0, 0, 1, 0, 0, 0, 0, 0, 0, 0, 1, 0, 1, 0, 1, 0, 0, 0, 0, 0, 0, 0, 0]
r_969 FALSE politics [3, 0, 0, 1, 0, 0, 0, 0, 0, 0, 0, 0, 0, 0, 0, 0, 0, 0, 0, 0, 0, 0, 0, 0]
r_970 FALSE politics [2, 0, 0, 0, 2, 0, 0, 0, 0, 0, 0, 0, 0, 0, 0, 0, 0, 0, 0, 0, 0, 0, 0, 0]
r_971 FALSE politics [4, 0, 1, 0, 1, 0, 1, 0, 0, 2, 1, 0, 0, 0, 0, 0, 0, 1, 0, 0, 0, 0, 1, 1]
r_972 FALSE politics [4, 0, 0, 3, 4, 0, 0, 0, 0, 0, 0, 0, 5, 5, 0, 0, 0, 0, 0, 0, 4, 3, 0, 1]
r_973 FALSE politics [3, 0, 0, 0, 1, 0, 0, 0, 0, 0, 0, 0, 0, 0, 0, 0, 0, 0, 0, 0, 0, 0, 0, 0]
r_977 FALSE politics [8, 0, 2, 0, 0, 0, 0, 0, 0, 0, 0, 0, 0, 0, 0, 0, 0, 0, 0, 0, 0, 0, 0, 0]
r_978 FALSE politics [11, 0, 0, 0, 0, 0, 0, 0, 0, 0, 0, 0, 0, 0, 0, 0, 0, 0, 0, 0, 0, 0, 0, 0]
r_979 FALSE politics [6, 1, 4, 0, 0, 0, 0, 0, 0, 0, 0, 0, 0, 0, 0, 0, 0, 0, 0, 0, 0, 0, 0, 0]
r_980 FALSE politics [7, 1, 0, 1, 1, 0, 0, 0, 0, 0, 0, 0, 0, 0, 0, 0, 0, 0, 0, 0, 0, 0, 0, 0]
r_990 FALSE politics [12, 0, 1, 0, 0, 1, 0, 0, 0, 0, 0, 0, 0, 1, 1, 1, 0, 0, 0, 0, 0, 0, 0, 0]
r_991 FALSE politics [10, 0, 0, 1, 0, 0, 0, 0, 0, 0, 0, 0, 0, 0, 0, 0, 0, 0, 0, 0, 0, 0, 0, 0]
r_992 FALSE politics [9, 1, 0, 0, 1, 0, 0, 0, 0, 0, 0, 0, 0, 0, 0, 0, 0, 0, 0, 0, 0, 0, 0, 0]
r_997 FALSE politics [1, 0, 10, 6, 0, 0, 0, 1, 0, 0, 0, 1, 0, 0, 0, 0, 0, 1, 1, 0, 0, 0, 0, 0]
r_998 FALSE politics [2, 1, 0, 0, 0, 0, 0, 1, 0, 0, 1, 0, 0, 0, 0, 0, 0, 0, 0, 0, 0, 0, 0, 0]
r_999 FALSE politics [1, 0, 0, 0, 0, 4, 0, 0, 0, 0, 0, 0, 0, 0, 0, 0, 0, 0, 0, 0, 0, 0, 0, 0]
