r_100 FALSE terrorismandwar [49, 6, 1, 1, 2, 0, 0, 0, 0, 0, 0, 2, 7, 1, 1, 0, 0, 0, 0, 0, 0, 0, 0, 0]
r_102 FALSE terrorismandwar [2, 0, 0, 0, 0, 0, 0, 0, 0, 1, 0, 0, 0, 0, 0, 0, 0, 0, 0, 0, 0, 0, 0, 0]
r_1024 FALSE terrorismandwar [5, 0, 0, 233, 156, 75, 80, 23, 19, 17, 21, 45, 50, 24, 32, 1, 6, 5, 2, 1, 1, 0, 0, 1]
r_1067 FALSE terrorismandwar [3, 0, 0, 0, 0, 0, 0, 0, 0, 1, 0, 1, 0, 0, 0, 0, 0, 0, 1, 0, 0, 0, 0, 0]
r_1071 FALSE terrorismandwar [11, 2, 0, 1, 1, 0, 0, 0, 0, 0, 0, 0, 0, 0, 0, 0, 0, 0, 0, 0, 0, 0, 0, 0]
r_1126 FALSE terrorismandwar [344, 105, 58, 48, 29, 12, 24, 5, 7, 5, 3, 3, 2, 3, 2, 1, 5, 1, 2, 4, 0, 2, 3, 1]
r_1135 FALSE terrorismandwar [2, 0, 0, 0, 0, 0, 0, 5, 2, 0, 0, 0, 0, 0, 0, 0, 0, 0, 0, 0, 0, 0, 0, 1]
r_1165 FALSE terrorismandwar [5, 3, 1, 23, 48, 35, 46, 26, 5, 20, 14, 10, 2, 2, 4, 4, 2, 1, 2, 3, 1, 15, 4, 1]
r_1170 FALSE terrorismandwar [2, 0, 0, 0, 0, 0, 0, 0, 0, 0, 0, 0, 0, 0, 0, 0, 0, 0, 0, 0, 0, 0, 0, 0]
r_119 FALSE terrorismandwar [475, 343, 351, 182, 72, 80, 73, 100, 83, 35, 18, 21, 33, 42, 18, 5, 7, 11, 12, 10, 7, 6, 4, 9]
r_1197 FALSE terrorismandwar [15, 1, 6, 2, 0, 0, 0, 1, 0, 3, 2, 3, 1, 10, 5, 1, 3, 1, 1, 0, 2, 0, 4, 0]
r_1200 FALSE terrorismandwar [42, 11, 2, 1, 1, 5, 0, 1, 1, 0, 4, 2, 0, 0, 0, 0, 0, 0, 0, 0, 0, 0, 1, 0]
r_1213 FALSE terrorismandwar [9, 0, 0, 1, 2, 0, 0, 2, 0, 0, 1, 0, 0, 0, 0, 0, 0, 0, 0, 0, 0, 0, 0, 0]
r_1215 FALSE terrorismandwar [2, 0, 4, 1, 2, 0, 0, 0, 0, 0, 0, 1, 0, 0, 0, 1, 1, 0, 0, 0, 0, 0, 0, 0]
r_1232 FALSE terrorismandwar [9, 4, 0, 0, 0, 0, 1, 0, 0, 0, 1, 0, 1, 1, 0, 0, 0, 0, 0, 0, 0, 0, 0, 0]
r_1252 FALSE terrorismandwar [5, 0, 0, 0, 0, 0, 0, 0, 0, 0, 0, 0, 0, 0, 0, 0, 0, 0, 0, 0, 0, 1, 0, 0]
r_1300 FALSE terrorismandwar [19, 2, 0, 0, 1, 0, 0, 0, 0, 0, 0, 0, 0, 0, 0, 0, 0, 0, 0, 0, 0, 0, 0, 0]
r_1307 FALSE terrorismandwar [3, 0, 0, 0, 0, 0, 0, 0, 0, 5, 1, 0, 0, 0, 0, 0, 0, 0, 0, 0, 0, 0, 0, 0]
r_1316 FALSE terrorismandwar [2, 0, 0, 0, 0, 0, 0, 0, 0, 0, 0, 0, 0, 0, 0, 0, 0, 0, 0, 0, 0, 0, 0, 0]
r_1352 FALSE terrorismandwar [16, 2, 2, 0, 2, 0, 1, 2, 0, 0, 0, 0, 0, 0, 0, 0, 0, 0, 0, 0, 0, 0, 0, 0]
r_1357 FALSE terrorismandwar [2, 4, 0, 2, 0, 0, 1, 0, 0, 0, 0, 0, 0, 0, 0, 0, 0, 0, 1, 0, 0, 0, 0, 0]
r_1384 FALSE terrorismandwar [9, 1, 0, 0, 0, 0, 0, 4, 0, 0, 0, 0, 0, 0, 0, 0, 0, 0, 0, 0, 0, 0, 0, 0]
r_1385 FALSE terrorismandwar [7, 2, 2, 0, 0, 2, 1, 0, 0, 0, 0, 0, 0, 0, 0, 0, 0, 0, 0, 0, 0, 0, 0, 0]
r_1399 FALSE terrorismandwar [24, 1, 1, 1, 2, 0, 0, 1, 0, 0, 0, 0, 0, 0, 0, 0, 0, 0, 0, 0, 0, 0, 0, 0]
r_1438 FALSE terrorismandwar [13, 2, 1, 1, 0, 0, 1, 0, 0, 1, 1, 0, 0, 0, 0, 0, 0, 0, 0, 1, 0, 0, 0, 0]
r_1483 FALSE terrorismandwar [2, 0, 11, 1, 1, 3, 3, 0, 0, 0, 0, 1, 2, 0, 0, 0, 0, 0, 0, 1, 0, 0, 0, 0]
r_1495 FALSE terrorismandwar [6, 2, 2, 2, 2, 0, 0, 0, 0, 0, 0, 1, 24, 14, 6, 1, 0, 0, 1, 0, 0, 1, 4, 5]
r_1511 FALSE terrorismandwar [6, 3, 0, 1, 2, 0, 0, 0, 0, 3, 2, 0, 0, 4, 0, 0, 2, 3, 2, 0, 0, 0, 0, 0]
r_1607 FALSE terrorismandwar [23, 12, 0, 2, 0, 0, 0, 0, 1, 0, 2, 0, 0, 0, 0, 2, 0, 0, 0, 0, 0, 0, 0, 0]
r_1615 FALSE terrorismandwar [25, 2, 0, 0, 0, 0, 0, 0, 0, 0, 0, 0, 0, 1, 0, 0, 0, 0, 0, 0, 0, 0, 0, 0]
r_1621 FALSE terrorismandwar [21, 2, 2, 0, 0, 1, 0, 1, 0, 0, 0, 0, 1, 0, 0, 0, 0, 0, 0, 0, 0, 0, 0, 0]
r_1623 FALSE terrorismandwar [43, 10, 6, 1, 1, 1, 0, 2, 0, 0, 0, 1, 0, 0, 1, 0, 0, 0, 0, 0, 0, 0, 0, 0]
r_1684 FALSE terrorismandwar [31, 5, 13, 1, 3, 0, 2, 0, 1, 2, 0, 0, 1, 0, 1, 0, 1, 0, 0, 0, 0, 2, 1, 0]
r_1685 FALSE terrorismandwar [1, 0, 0, 0, 6, 12, 8, 2, 1, 2, 7, 2, 2, 1, 0, 0, 1, 2, 0, 0, 0, 0, 1, 0]
r_1705 FALSE terrorismandwar [52, 3, 2, 3, 2, 1, 0, 0, 0, 1, 0, 0, 0, 0, 0, 0, 0, 0, 0, 0, 0, 0, 0, 0]
r_1714 FALSE terrorismandwar [55, 14, 3, 3, 1, 5, 1, 1, 1, 1, 0, 0, 0, 1, 0, 0, 0, 0, 0, 0, 0, 1, 0, 0]
r_1768 FALSE terrorismandwar [15, 1, 22, 4, 3, 4, 1, 8, 1, 0, 1, 0, 1, 0, 11, 13, 2, 0, 0, 0, 1, 0, 14, 12]
r_1786 FALSE terrorismandwar [44, 28, 28, 11, 5, 7, 21, 4, 1, 0, 1, 0, 0, 2, 3, 0, 0, 0, 4, 2, 0, 1, 0, 1]
r_1789 FALSE terrorismandwar [77, 49, 43, 15, 21, 15, 37, 24, 20, 10, 29, 8, 3, 9, 4, 12, 2, 0, 0, 1, 1, 3, 5, 1]
r_1799 FALSE terrorismandwar [14, 18, 8, 20, 14, 0, 2, 2, 5, 0, 0, 0, 2, 0, 0, 0, 0, 0, 4, 5, 1, 1, 3, 0]
r_1841 FALSE terrorismandwar [76, 23, 30, 4, 7, 8, 15, 15, 1, 0, 4, 5, 0, 26, 16, 1, 1, 1, 1, 1, 0, 1, 0, 1]
r_1862 FALSE terrorismandwar [228, 37, 11, 15, 6, 4, 0, 4, 2, 3, 0, 0, 0, 0, 1, 0, 0, 0, 0, 0, 1, 1, 0, 1]
r_1884 FALSE terrorismandwar [26, 35, 27, 10, 3, 1, 1, 0, 0, 7, 8, 25, 7, 11, 10, 9, 4, 2, 26, 5, 13, 3, 4, 14]
r_1897 FALSE terrorismandwar [349, 278, 300, 219, 129, 72, 22, 11, 5, 3, 11, 41, 67, 120, 124, 99, 87, 64, 45, 36, 25, 25, 33, 15]
r_1937 FALSE terrorismandwar [155, 69, 29, 22, 15, 17, 15, 32, 27, 41, 42, 30, 46, 22, 25, 35, 17, 26, 24, 18, 29, 19, 1, 14]
r_1951 FALSE terrorismandwar [142, 71, 31, 56, 37, 34, 53, 61, 45, 43, 24, 10, 5, 3, 7, 3, 2, 2, 14, 17, 20, 7, 4, 1]
r_1999 FALSE terrorismandwar [1435, 574, 402, 316, 244, 222, 224, 162, 207, 92, 94, 47, 33, 26, 36, 61, 125, 135, 163, 109, 125, 110, 69, 56]
r_344 FALSE terrorismandwar [6, 0, 0, 0, 0, 0, 0, 0, 0, 0, 0, 0, 0, 0, 0, 2, 0, 0, 0, 0, 0, 1, 0, 0]
r_371 FALSE terrorismandwar [2, 0, 0, 0, 0, 0, 0, 0, 0, 0, 0, 0, 0, 0, 0, 0, 0, 0, 0, 0, 0, 0, 0, 0]
r_388 FALSE terrorismandwar [3, 0, 0, 0, 0, 0, 1, 0, 0, 0, 0, 0, 0, 0, 1, 0, 0, 1, 0, 2, 1, 0, 0, 0]
r_406 FALSE terrorismandwar [5, 0, 0, 1, 0, 0, 0, 0, 0, 0, 0, 0, 0, 0, 0, 0, 0, 0, 0, 0, 0, 0, 0, 0]
r_415 FALSE terrorismandwar [20, 6, 0, 0, 0, 0, 0, 0, 0, 0, 0, 0, 0, 0, 0, 0, 0, 0, 0, 0, 0, 0, 0, 0]
r_427 FALSE terrorismandwar [2, 0, 0, 0, 0, 0, 0, 0, 0, 1, 0, 0, 0, 0, 0, 0, 0, 0, 0, 0, 0, 0, 0, 0]
r_440 FALSE terrorismandwar [2, 0, 0, 6, 0, 0, 2, 0, 0, 0, 0, 0, 0, 0, 0, 0, 0, 0, 1, 0, 1, 2, 0, 0]
r_640 FALSE terrorismandwar [200, 308, 136, 170, 155, 138, 104, 104, 64, 46, 17, 57, 60, 22, 26, 54, 56, 71, 74, 76, 62, 22, 20, 21]
r_642 FALSE terrorismandwar [544, 522, 327, 201, 197, 89, 284, 94, 151, 59, 65, 192, 168, 84, 131, 85, 51, 86, 228, 147, 134, 105, 56, 69]
r_644 FALSE terrorismandwar [600, 311, 198, 139, 108, 97, 51, 49, 49, 66, 94, 94, 81, 68, 146, 30, 49, 29, 29, 55, 62, 48, 37, 24]
r_646 FALSE terrorismandwar [1, 1, 1, 0, 0, 1, 0, 1, 5, 6, 13, 12, 4, 1, 6, 2, 3, 0, 14, 29, 19, 8, 1, 1]
r_647 FALSE terrorismandwar [2, 0, 0, 0, 0, 0, 0, 0, 0, 0, 0, 0, 0, 0, 0, 0, 0, 3, 0, 0, 0, 0, 0, 0]
r_648 FALSE terrorismandwar [4, 0, 0, 0, 0, 0, 0, 0, 0, 0, 0, 0, 0, 0, 0, 0, 0, 0, 0, 0, 0, 0, 0, 0]
r_719 FALSE terrorismandwar [1, 0, 0, 0, 0, 0, 0, 0, 0, 0, 0, 0, 0, 0, 1, 1, 0, 0, 0, 0, 0, 0, 0, 0]
r_723 FALSE terrorismandwar [2, 0, 0, 0, 0, 0, 0, 0, 0, 0, 0, 0, 0, 0, 0, 0, 0, 0, 0, 0, 0, 0, 0, 0]
r_727 FALSE terrorismandwar [1, 0, 0, 0, 0, 0, 0, 0, 0, 1, 0, 0, 0, 0, 0, 0, 0, 0, 0, 0, 0, 0, 0, 0]
r_732 FALSE terrorismandwar [2, 0, 0, 0, 0, 0, 0, 0, 0, 1, 7, 39, 7, 1, 0, 0, 1, 0, 0, 0, 0, 0, 0, 0]
r_733 FALSE terrorismandwar [2, 0, 0, 0, 0, 0, 0, 0, 0, 0, 0, 0, 0, 0, 0, 0, 0, 0, 0, 0, 0, 0, 0, 0]
r_734 FALSE terrorismandwar [1, 0, 0, 0, 0, 0, 0, 1, 0, 0, 0, 0, 0, 2, 1, 1, 8, 2, 0, 0, 0, 1, 1, 3]
r_826 FALSE terrorismandwar [1, 1, 1, 0, 0, 0, 0, 0, 0, 0, 0, 0, 0, 0, 0, 0, 0, 0, 0, 0, 0, 0, 0, 0]
r_847 FALSE terrorismandwar [37, 26, 18, 29, 9, 13, 6, 7, 1, 1, 0, 3, 2, 2, 1, 0, 0, 0, 1, 0, 0, 1, 0, 0]
r_883 FALSE terrorismandwar [4, 0, 0, 0, 0, 1, 0, 0, 0, 0, 0, 0, 0, 0, 0, 0, 0, 0, 0, 0, 1, 0, 0, 0]
r_924 FALSE terrorismandwar [7, 0, 1, 0, 0, 0, 0, 0, 0, 0, 0, 0, 0, 0, 0, 0, 0, 0, 0, 0, 0, 0, 0, 0]
r_93 FALSE terrorismandwar [21, 17, 30, 31, 33, 36, 31, 32, 43, 91, 102, 68, 41, 38, 25, 15, 3, 6, 13, 12, 11, 24, 32, 37]
