r_13 TRUE terrorismandwar [50, 33, 22, 9, 6, 14, 8, 37, 13, 11, 0, 2, 0, 0, 0, 0, 0, 0, 0, 1, 0, 3, 2, 1]
r_15 TRUE terrorismandwar [3, 0, 0, 2, 0, 0, 0, 0, 0, 0, 0, 0, 0, 4, 0, 0, 0, 1, 0, 1, 0, 1, 2, 1]
r_2011 TRUE terrorismandwar [975, 190, 78, 53, 56, 29, 10, 15, 12, 4, 4, 0, 2, 0, 2, 2, 2, 6, 3, 4, 2, 1, 5, 1]
r_2023 TRUE terrorismandwar [583, 152, 115, 63, 58, 41, 25, 14, 9, 12, 9, 7, 7, 5, 5, 9, 7, 2, 3, 4, 1, 1, 2, 3]
r_2029 TRUE terrorismandwar [846, 108, 52, 38, 16, 16, 9, 7, 11, 9, 5, 4, 3, 2, 1, 1, 3, 2, 4, 5, 3, 3, 1, 3]
r_2048 TRUE terrorismandwar [99, 29, 27, 22, 7, 24, 16, 9, 5, 19, 29, 18, 8, 3, 2, 0, 0, 0, 1, 5, 2, 1, 1, 1]
r_2052 TRUE terrorismandwar [172, 31, 17, 3, 7, 3, 11, 2, 3, 0, 1, 2, 1, 2, 1, 2, 1, 82, 10, 5, 3, 4, 2, 1]
r_2083 TRUE terrorismandwar [139, 47, 24, 26, 17, 18, 9, 5, 1, 4, 1, 1, 1, 1, 1, 0, 2, 2, 0, 0, 1, 1, 0, 2]
r_2093 TRUE terrorismandwar [83, 18, 14, 19, 5, 13, 4, 2, 0, 2, 4, 6, 5, 3, 16, 5, 3, 1, 18, 6, 18, 2, 4, 3]
r_2097 TRUE terrorismandwar [8, 0, 1, 1, 0, 0, 0, 0, 0, 0, 0, 0, 0, 0, 0, 0, 1, 0, 0, 0, 0, 0, 0, 0]
r_2105 TRUE terrorismandwar [40, 8, 1, 1, 1, 15, 10, 22, 25, 3, 30, 5, 3, 5, 2, 0, 11, 1, 3, 4, 28, 10, 2, 1]
r_2120 TRUE terrorismandwar [48, 14, 5, 0, 0, 2, 1, 0, 0, 0, 0, 0, 0, 0, 1, 0, 0, 0, 0, 0, 0, 0, 0, 0]
r_2128 TRUE terrorismandwar [1, 0, 0, 0, 0, 0, 0, 0, 0, 0, 0, 0, 0, 0, 0, 0, 0, 0, 0, 0, 0, 0, 0, 0]
r_2138 TRUE terrorismandwar [30, 22, 7, 12, 3, 5, 3, 3, 20, 31, 23, 8, 5, 4, 5, 6, 4, 4, 0, 0, 3, 2, 2, 0]
r_2148 TRUE terrorismandwar [10, 2, 0, 1, 1, 0, 0, 1, 1, 0, 1, 1, 0, 4, 2, 11, 7, 14, 9, 9, 2, 2, 1, 0]
r_2172 TRUE terrorismandwar [61, 12, 3, 1, 1, 1, 0, 0, 1, 0, 0, 0, 3, 0, 0, 0, 0, 0, 0, 1, 0, 0, 6, 2]
r_2194 TRUE terrorismandwar [42, 10, 4, 3, 0, 1, 3, 2, 3, 3, 4, 0, 1, 1, 0, 0, 1, 0, 0, 0, 1, 0, 0, 0]
r_2214 TRUE terrorismandwar [33, 11, 0, 0, 1, 6, 0, 0, 0, 3, 1, 1, 0, 2, 1, 0, 0, 0, 0, 0, 0, 0, 0, 1]
r_2220 TRUE terrorismandwar [1, 0, 0, 0, 0, 0, 0, 0, 0, 0, 0, 0, 0, 0, 0, 0, 0, 0, 0, 0, 0, 0, 0, 0]
r_2224 TRUE terrorismandwar [13, 0, 2, 0, 1, 0, 0, 0, 0, 0, 0, 4, 4, 2, 0, 0, 0, 0, 0, 0, 0, 0, 0, 0]
r_2233 TRUE terrorismandwar [9, 4, 1, 0, 0, 0, 0, 0, 0, 0, 0, 0, 0, 0, 0, 0, 0, 0, 0, 0, 0, 0, 0, 0]
r_2244 TRUE terrorismandwar [7, 1, 0, 0, 1, 0, 0, 0, 0, 0, 0, 0, 0, 0, 0, 0, 0, 0, 0, 0, 0, 0, 0, 0]
r_2246 TRUE terrorismandwar [14, 0, 1, 0, 0, 1, 3, 1, 0, 0, 8, 0, 1, 0, 0, 0, 0, 0, 0, 0, 4, 0, 0, 0]
r_2253 TRUE terrorismandwar [13, 14, 0, 1, 0, 0, 0, 2, 1, 0, 0, 0, 0, 0, 0, 0, 0, 0, 0, 0, 0, 0, 0, 0]
r_2294 TRUE terrorismandwar [1, 0, 0, 0, 0, 0, 0, 0, 0, 0, 0, 0, 0, 0, 0, 0, 0, 0, 0, 0, 0, 0, 0, 0]
r_2305 TRUE terrorismandwar [21, 0, 2, 0, 0, 0, 2, 0, 0, 0, 0, 0, 1, 0, 0, 0, 0, 0, 0, 0, 0, 0, 0, 0]
r_2309 TRUE terrorismandwar [8, 2, 1, 0, 0, 0, 0, 0, 0, 0, 0, 0, 0, 0, 0, 0, 0, 0, 0, 0, 0, 0, 0, 0]
r_2341 TRUE terrorismandwar [4, 0, 0, 0, 0, 0, 0, 0, 0, 0, 0, 1, 1, 0, 0, 0, 0, 0, 0, 0, 0, 0, 0, 0]
r_2411 TRUE terrorismandwar [2, 0, 0, 0, 0, 0, 0, 0, 0, 0, 0, 0, 0, 0, 0, 0, 0, 0, 0, 0, 0, 0, 0, 0]
