r_1006 FALSE urbanlegends [173, 102, 106, 66, 48, 37, 45, 25, 17, 30, 30, 25, 20, 19, 23, 12, 18, 6, 8, 15, 5, 6, 4, 4]
r_1007 FALSE urbanlegends [18, 1, 4, 4, 0, 3, 1, 0, 0, 3, 0, 0, 0, 3, 4, 1, 1, 0, 0, 0, 1, 5, 2, 1]
r_1019 FALSE urbanlegends [13, 0, 0, 0, 0, 0, 0, 0, 0, 0, 0, 0, 0, 0, 0, 0, 0, 0, 0, 0, 0, 0, 0, 0]
r_1027 FALSE urbanlegends [6, 3, 3, 0, 0, 0, 0, 0, 0, 0, 0, 0, 0, 0, 0, 1, 0, 0, 0, 0, 0, 0, 0, 0]
r_1028 FALSE urbanlegends [4, 1, 0, 0, 0, 0, 0, 0, 0, 0, 0, 0, 0, 0, 0, 0, 0, 0, 0, 1, 0, 0, 0, 0]
r_1035 FALSE urbanlegends [8, 2, 2, 0, 0, 0, 0, 0, 0, 0, 0, 0, 0, 0, 0, 1, 0, 0, 0, 0, 0, 0, 0, 0]
r_1046 FALSE urbanlegends [6, 0, 1, 0, 0, 0, 0, 0, 0, 0, 0, 0, 0, 0, 0, 0, 0, 0, 0, 0, 0, 0, 0, 0]
r_1049 FALSE urbanlegends [5, 0, 0, 1, 0, 0, 0, 0, 0, 0, 0, 0, 0, 0, 0, 0, 0, 0, 0, 0, 0, 0, 0, 0]
r_1078 FALSE urbanlegends [7, 0, 0, 0, 0, 0, 0, 0, 0, 0, 0, 0, 0, 0, 0, 0, 0, 0, 0, 0, 0, 0, 0, 0]
r_1089 FALSE urbanlegends [8, 1, 0, 0, 0, 0, 0, 0, 0, 0, 0, 0, 0, 0, 0, 0, 0, 0, 0, 0, 0, 0, 0, 0]
r_1090 FALSE urbanlegends [6, 1, 1, 0, 0, 1, 0, 0, 0, 0, 0, 0, 0, 0, 0, 0, 0, 0, 0, 0, 0, 0, 0, 0]
r_1094 FALSE urbanlegends [14, 0, 1, 1, 0, 0, 0, 0, 1, 0, 0, 0, 0, 0, 0, 0, 0, 0, 0, 0, 0, 0, 0, 0]
r_1115 FALSE urbanlegends [7, 2, 0, 1, 0, 0, 1, 0, 0, 0, 0, 0, 0, 0, 0, 0, 0, 0, 0, 0, 0, 0, 0, 0]
r_1116 FALSE urbanlegends [9, 0, 1, 0, 0, 0, 0, 1, 0, 0, 0, 0, 0, 0, 0, 0, 0, 0, 0, 0, 0, 0, 0, 0]
r_1117 FALSE urbanlegends [12, 0, 0, 2, 0, 0, 0, 0, 0, 0, 0, 0, 0, 0, 0, 0, 0, 0, 0, 0, 0, 0, 0, 0]
r_1123 FALSE urbanlegends [11, 3, 1, 0, 1, 0, 0, 0, 0, 2, 0, 1, 0, 0, 0, 0, 0, 0, 0, 0, 0, 0, 0, 0]
r_1124 FALSE urbanlegends [7, 1, 0, 2, 2, 3, 0, 2, 1, 0, 0, 0, 0, 0, 0, 0, 1, 0, 0, 0, 0, 0, 0, 0]
r_1133 FALSE urbanlegends [11, 1, 0, 0, 0, 0, 0, 0, 0, 0, 0, 0, 0, 0, 0, 0, 0, 0, 0, 0, 0, 0, 0, 0]
r_1134 FALSE urbanlegends [34, 8, 0, 8, 2, 0, 3, 0, 0, 0, 2, 0, 0, 0, 0, 0, 0, 0, 1, 0, 0, 0, 0, 0]
r_1143 FALSE urbanlegends [11, 2, 1, 1, 0, 0, 0, 0, 0, 0, 0, 0, 0, 0, 0, 0, 0, 0, 0, 0, 0, 0, 0, 0]
r_1146 FALSE urbanlegends [5, 0, 4, 0, 0, 1, 0, 0, 0, 0, 0, 0, 0, 1, 0, 0, 1, 0, 0, 0, 0, 0, 0, 0]
r_1152 FALSE urbanlegends [10, 2, 0, 0, 0, 0, 0, 0, 0, 0, 0, 0, 1, 0, 0, 0, 0, 0, 0, 0, 0, 0, 0, 0]
r_1155 FALSE urbanlegends [19, 0, 1, 1, 0, 0, 0, 0, 0, 0, 0, 0, 0, 0, 0, 0, 0, 0, 0, 0, 0, 0, 0, 0]
r_1159 FALSE urbanlegends [10, 1, 0, 0, 0, 1, 1, 0, 0, 0, 0, 0, 0, 0, 0, 0, 0, 0, 0, 0, 0, 0, 0, 0]
r_1168 FALSE urbanlegends [10, 1, 0, 0, 0, 0, 0, 0, 0, 0, 0, 0, 0, 0, 0, 0, 0, 0, 0, 0, 0, 0, 0, 1]
r_1175 FALSE urbanlegends [4, 0, 0, 0, 0, 0, 0, 0, 0, 0, 0, 0, 0, 0, 0, 0, 0, 0, 0, 0, 0, 0, 0, 0]
r_1209 FALSE urbanlegends [15, 1, 0, 1, 0, 0, 0, 0, 0, 0, 0, 0, 0, 0, 0, 0, 0, 0, 0, 0, 0, 0, 0, 0]
r_1210 FALSE urbanlegends [2, 0, 3, 5, 0, 3, 0, 0, 1, 0, 0, 0, 0, 2, 0, 0, 0, 0, 0, 0, 0, 0, 0, 0]
r_1214 FALSE urbanlegends [10, 3, 0, 0, 0, 0, 0, 0, 0, 0, 1, 0, 0, 0, 0, 0, 0, 0, 0, 0, 0, 0, 0, 0]
r_1221 FALSE urbanlegends [12, 3, 1, 1, 0, 2, 0, 0, 2, 0, 0, 0, 1, 0, 0, 0, 0, 0, 0, 0, 0, 0, 0, 0]
r_1223 FALSE urbanlegends [9, 1, 4, 1, 1, 0, 0, 0, 0, 0, 0, 0, 0, 0, 0, 0, 0, 0, 0, 0, 0, 0, 0, 0]
r_1229 FALSE urbanlegends [16, 1, 0, 0, 0, 0, 0, 0, 0, 0, 0, 0, 0, 0, 0, 0, 0, 0, 0, 0, 0, 0, 0, 0]
r_1233 FALSE urbanlegends [8, 1, 0, 2, 2, 0, 1, 1, 0, 1, 1, 0, 0, 0, 0, 0, 0, 0, 0, 0, 0, 0, 0, 0]
r_1237 FALSE urbanlegends [19, 2, 1, 2, 0, 1, 0, 1, 0, 0, 0, 0, 0, 0, 0, 0, 0, 0, 0, 0, 0, 0, 0, 0]
r_1247 FALSE urbanlegends [109, 20, 14, 9, 7, 5, 6, 0, 0, 1, 1, 0, 1, 0, 1, 0, 1, 2, 1, 1, 3, 0, 1, 0]
r_1249 FALSE urbanlegends [13, 4, 0, 0, 0, 0, 0, 0, 0, 0, 1, 0, 0, 0, 0, 0, 0, 0, 0, 0, 0, 0, 0, 0]
r_1255 FALSE urbanlegends [15, 1, 0, 2, 0, 0, 0, 0, 0, 0, 0, 0, 0, 0, 0, 0, 0, 0, 0, 0, 0, 0, 0, 0]
r_1260 FALSE urbanlegends [2, 3, 3, 0, 3, 0, 0, 0, 2, 0, 0, 1, 1, 0, 0, 0, 0, 0, 0, 0, 0, 0, 1, 0]
r_1284 FALSE urbanlegends [17, 3, 1, 0, 0, 0, 0, 0, 0, 0, 0, 0, 0, 0, 0, 0, 0, 0, 0, 0, 0, 0, 0, 0]
r_1287 FALSE urbanlegends [12, 3, 1, 1, 11, 4, 0, 2, 0, 0, 0, 0, 0, 0, 4, 1, 0, 0, 0, 0, 0, 1, 0, 0]
r_1310 FALSE urbanlegends [9, 1, 2, 0, 0, 0, 1, 2, 2, 3, 0, 1, 0, 0, 1, 0, 0, 0, 0, 0, 1, 0, 0, 1]
r_1334 FALSE urbanlegends [5, 1, 0, 4, 0, 1, 0, 0, 0, 0, 0, 0, 0, 0, 0, 0, 0, 0, 0, 0, 0, 0, 0, 0]
r_1339 FALSE urbanlegends [22, 1, 0, 0, 0, 0, 1, 0, 0, 0, 0, 0, 0, 0, 0, 0, 0, 0, 0, 0, 0, 0, 0, 0]
r_1342 FALSE urbanlegends [19, 5, 4, 1, 0, 0, 0, 0, 1, 0, 1, 0, 0, 0, 0, 0, 0, 0, 0, 0, 0, 0, 0, 1]
r_1350 FALSE urbanlegends [21, 0, 0, 1, 1, 1, 0, 1, 0, 0, 0, 0, 0, 0, 0, 0, 0, 0, 0, 0, 0, 0, 0, 0]
r_1353 FALSE urbanlegends [19, 3, 1, 1, 1, 1, 0, 0, 0, 0, 0, 0, 0, 0, 1, 0, 0, 0, 0, 0, 0, 0, 0, 0]
r_1355 FALSE urbanlegends [26, 1, 0, 0, 0, 0, 0, 0, 0, 0, 0, 0, 0, 0, 0, 0, 0, 0, 0, 0, 0, 0, 0, 0]
r_1361 FALSE urbanlegends [17, 3, 2, 0, 0, 0, 0, 0, 0, 0, 0, 0, 0, 1, 0, 0, 0, 0, 0, 0, 0, 0, 0, 0]
r_1367 FALSE urbanlegends [23, 2, 1, 0, 0, 0, 0, 0, 0, 0, 0, 0, 1, 0, 0, 0, 0, 0, 0, 0, 1, 0, 0, 0]
r_1376 FALSE urbanlegends [5, 1, 0, 1, 1, 1, 0, 1, 1, 1, 1, 0, 0, 1, 1, 0, 0, 0, 0, 0, 0, 0, 0, 0]
r_1383 FALSE urbanlegends [25, 2, 0, 1, 0, 0, 0, 1, 1, 0, 0, 0, 0, 0, 0, 0, 0, 0, 0, 0, 0, 0, 0, 0]
r_1389 FALSE urbanlegends [18, 2, 2, 7, 1, 0, 0, 0, 3, 1, 0, 1, 0, 0, 0, 0, 0, 0, 0, 0, 1, 0, 0, 0]
r_1392 FALSE urbanlegends [5, 2, 0, 1, 0, 2, 0, 0, 0, 0, 0, 0, 0, 0, 0, 0, 0, 0, 0, 0, 0, 0, 0, 0]
r_1395 FALSE urbanlegends [16, 1, 0, 0, 0, 0, 0, 0, 0, 0, 0, 0, 0, 0, 0, 0, 0, 0, 0, 0, 0, 0, 0, 0]
r_1402 FALSE urbanlegends [11, 2, 0, 1, 1, 0, 0, 0, 0, 0, 1, 0, 1, 0, 0, 0, 0, 0, 0, 0, 0, 0, 0, 0]
r_1409 FALSE urbanlegends [1, 0, 0, 2, 0, 0, 0, 1, 0, 1, 2, 0, 2, 3, 1, 0, 1, 1, 0, 1, 0, 0, 0, 0]
r_1410 FALSE urbanlegends [18, 5, 0, 2, 1, 0, 2, 2, 1, 0, 0, 0, 0, 0, 0, 0, 0, 0, 0, 0, 0, 0, 0, 0]
r_1426 FALSE urbanlegends [16, 2, 4, 3, 3, 0, 0, 1, 0, 0, 0, 2, 0, 0, 0, 0, 0, 0, 0, 1, 0, 0, 0, 0]
r_1429 FALSE urbanlegends [11, 2, 5, 1, 4, 3, 0, 1, 2, 0, 3, 0, 0, 0, 0, 0, 0, 0, 0, 0, 0, 0, 0, 0]
r_1449 FALSE urbanlegends [24, 4, 1, 0, 2, 1, 0, 0, 1, 0, 0, 0, 0, 0, 0, 0, 0, 0, 1, 0, 0, 0, 0, 1]
r_1456 FALSE urbanlegends [14, 1, 3, 2, 6, 0, 2, 1, 0, 1, 1, 0, 0, 1, 1, 0, 0, 0, 1, 0, 0, 0, 0, 0]
r_1459 FALSE urbanlegends [42, 2, 0, 0, 0, 0, 0, 1, 0, 0, 0, 0, 0, 0, 0, 0, 0, 0, 0, 0, 0, 0, 0, 0]
r_1460 FALSE urbanlegends [1, 0, 3, 0, 0, 0, 0, 0, 0, 0, 0, 0, 0, 6, 2, 0, 0, 0, 0, 0, 0, 0, 0, 0]
r_1462 FALSE urbanlegends [18, 0, 3, 0, 0, 0, 0, 0, 0, 0, 0, 0, 0, 0, 0, 0, 0, 0, 0, 0, 0, 0, 0, 0]
r_1478 FALSE urbanlegends [23, 2, 0, 1, 0, 0, 0, 0, 0, 0, 0, 0, 0, 0, 0, 0, 0, 0, 0, 0, 0, 0, 0, 0]
r_1480 FALSE urbanlegends [14, 0, 0, 0, 0, 0, 1, 0, 0, 0, 0, 0, 0, 0, 6, 0, 0, 0, 0, 0, 0, 0, 0, 0]
r_1481 FALSE urbanlegends [12, 3, 0, 0, 6, 3, 0, 0, 1, 0, 1, 0, 0, 0, 0, 0, 0, 0, 0, 0, 0, 0, 0, 1]
r_1482 FALSE urbanlegends [12, 0, 0, 0, 1, 0, 1, 3, 3, 0, 1, 0, 1, 0, 0, 3, 0, 0, 0, 1, 0, 0, 0, 0]
r_1485 FALSE urbanlegends [17, 9, 2, 2, 1, 0, 1, 0, 1, 1, 0, 0, 2, 0, 0, 0, 0, 0, 0, 0, 1, 1, 0, 1]
r_1500 FALSE urbanlegends [32, 5, 3, 1, 2, 0, 0, 0, 0, 0, 0, 0, 0, 0, 0, 0, 0, 0, 0, 0, 0, 0, 0, 0]
r_1510 FALSE urbanlegends [25, 1, 1, 0, 1, 0, 0, 0, 0, 0, 0, 0, 0, 0, 0, 0, 0, 0, 1, 0, 0, 0, 0, 0]
r_1514 FALSE urbanlegends [32, 4, 4, 0, 1, 0, 0, 2, 0, 0, 1, 0, 0, 0, 0, 0, 0, 0, 2, 0, 0, 0, 0, 0]
r_1518 FALSE urbanlegends [5, 0, 0, 0, 0, 0, 0, 0, 0, 0, 0, 13, 58, 20, 4, 19, 19, 16, 10, 6, 508, 231, 69, 47]
r_1522 FALSE urbanlegends [16, 5, 7, 1, 0, 0, 0, 0, 0, 0, 0, 0, 0, 0, 0, 0, 0, 0, 0, 0, 0, 0, 0, 0]
r_1524 FALSE urbanlegends [23, 3, 1, 2, 1, 1, 0, 6, 5, 0, 0, 0, 1, 1, 2, 0, 0, 4, 4, 3, 0, 0, 0, 0]
r_1526 FALSE urbanlegends [38, 6, 0, 1, 1, 0, 0, 0, 0, 0, 0, 1, 0, 0, 0, 0, 0, 0, 0, 0, 0, 0, 0, 0]
r_1538 FALSE urbanlegends [9, 0, 0, 0, 2, 1, 2, 0, 0, 0, 0, 0, 0, 0, 0, 0, 0, 0, 0, 0, 0, 0, 0, 0]
r_1539 FALSE urbanlegends [35, 1, 1, 0, 0, 0, 0, 0, 1, 0, 0, 2, 0, 0, 1, 0, 1, 0, 0, 1, 1, 0, 0, 2]
r_1547 FALSE urbanlegends [48, 0, 3, 1, 2, 2, 1, 0, 0, 0, 0, 0, 0, 0, 0, 0, 0, 0, 0, 0, 0, 0, 0, 0]
r_1558 FALSE urbanlegends [7, 0, 0, 0, 7, 4, 4, 0, 0, 0, 0, 0, 0, 0, 0, 0, 2, 0, 2, 1, 0, 0, 0, 0]
r_1559 FALSE urbanlegends [8, 2, 1, 0, 0, 0, 0, 0, 0, 0, 0, 0, 0, 0, 0, 0, 0, 0, 0, 0, 0, 0, 0, 0]
r_1561 FALSE urbanlegends [28, 5, 2, 5, 3, 0, 0, 0, 0, 0, 2, 2, 0, 0, 1, 1, 1, 0, 0, 0, 0, 0, 0, 0]
r_1563 FALSE urbanlegends [40, 4, 3, 2, 0, 0, 0, 0, 0, 0, 0, 0, 0, 0, 0, 0, 0, 0, 0, 0, 0, 0, 0, 0]
r_1569 FALSE urbanlegends [36, 7, 7, 2, 1, 0, 2, 0, 0, 0, 0, 0, 2, 0, 1, 1, 0, 0, 0, 0, 0, 0, 0, 0]
r_1579 FALSE urbanlegends [30, 2, 0, 0, 1, 0, 0, 0, 0, 0, 0, 0, 0, 0, 0, 0, 0, 0, 0, 1, 0, 0, 0, 0]
r_1586 FALSE urbanlegends [11, 20, 2, 1, 1, 0, 0, 0, 0, 0, 0, 0, 0, 0, 0, 0, 0, 0, 0, 0, 0, 0, 0, 0]
r_1590 FALSE urbanlegends [33, 4, 2, 0, 1, 2, 1, 0, 0, 0, 0, 0, 0, 0, 0, 0, 0, 0, 0, 0, 0, 0, 1, 0]
r_1594 FALSE urbanlegends [17, 8, 3, 3, 0, 3, 1, 2, 0, 0, 1, 0, 0, 0, 0, 0, 0, 0, 1, 0, 0, 0, 0, 0]
r_1628 FALSE urbanlegends [2, 15, 3, 6, 9, 4, 4, 0, 0, 2, 1, 1, 2, 0, 0, 0, 0, 3, 0, 2, 0, 1, 1, 1]
r_1641 FALSE urbanlegends [36, 13, 11, 3, 5, 1, 0, 0, 1, 0, 0, 0, 0, 0, 0, 0, 0, 0, 0, 0, 0, 0, 0, 0]
r_1645 FALSE urbanlegends [105, 909, 1915, 1977, 1095, 801, 515, 352, 204, 212, 143, 99, 77, 74, 114, 75, 39, 29, 19, 18, 12, 8, 17, 20]
r_1652 FALSE urbanlegends [28, 3, 1, 3, 0, 1, 0, 0, 0, 3, 0, 1, 0, 0, 1, 0, 0, 0, 0, 0, 0, 0, 0, 0]
r_1674 FALSE urbanlegends [1, 0, 0, 0, 0, 0, 0, 0, 0, 0, 0, 0, 0, 0, 0, 0, 0, 0, 0, 0, 0, 0, 0, 0]
r_1675 FALSE urbanlegends [15, 1, 0, 0, 0, 0, 0, 0, 0, 0, 18, 9, 0, 0, 1, 0, 0, 1, 0, 0, 1, 0, 1, 0]
r_1680 FALSE urbanlegends [37, 7, 2, 0, 1, 0, 0, 0, 0, 0, 0, 0, 0, 0, 0, 0, 0, 0, 0, 0, 0, 0, 0, 0]
r_1693 FALSE urbanlegends [51, 12, 10, 2, 0, 0, 0, 0, 0, 0, 1, 0, 0, 0, 0, 0, 0, 0, 0, 0, 0, 0, 0, 2]
r_1694 FALSE urbanlegends [2, 30, 11, 9, 4, 2, 5, 0, 1, 0, 3, 1, 2, 0, 0, 0, 0, 0, 0, 0, 0, 0, 3, 0]
r_1710 FALSE urbanlegends [33, 6, 6, 1, 3, 1, 2, 2, 1, 1, 0, 4, 0, 1, 0, 0, 0, 0, 0, 2, 1, 0, 0, 0]
r_1711 FALSE urbanlegends [16, 3, 0, 1, 0, 3, 5, 0, 1, 0, 1, 1, 1, 0, 0, 0, 0, 0, 0, 0, 0, 0, 0, 0]
r_1724 FALSE urbanlegends [52, 12, 10, 7, 0, 4, 2, 3, 3, 1, 5, 1, 0, 0, 0, 0, 0, 0, 0, 1, 0, 0, 1, 0]
r_1726 FALSE urbanlegends [10, 22, 9, 6, 4, 3, 2, 5, 4, 7, 2, 4, 2, 2, 2, 0, 0, 2, 1, 0, 0, 0, 0, 0]
r_1732 FALSE urbanlegends [13, 3, 0, 2, 23, 13, 3, 2, 4, 7, 8, 13, 2, 1, 1, 3, 0, 1, 0, 1, 0, 3, 0, 1]
r_1737 FALSE urbanlegends [45, 10, 2, 1, 1, 0, 1, 1, 2, 0, 4, 1, 1, 0, 0, 0, 1, 1, 0, 0, 0, 1, 0, 1]
r_1745 FALSE urbanlegends [58, 16, 7, 10, 7, 4, 0, 3, 1, 1, 0, 0, 1, 1, 1, 2, 0, 2, 2, 1, 1, 1, 1, 0]
r_1749 FALSE urbanlegends [29, 13, 5, 2, 0, 1, 0, 0, 0, 0, 0, 0, 0, 1, 0, 0, 0, 0, 1, 0, 0, 0, 0, 0]
r_1755 FALSE urbanlegends [43, 3, 6, 6, 8, 3, 1, 3, 4, 4, 3, 1, 0, 1, 1, 0, 0, 0, 0, 1, 1, 1, 1, 0]
r_1756 FALSE urbanlegends [1, 0, 0, 0, 0, 0, 0, 0, 0, 0, 0, 0, 0, 0, 0, 0, 0, 0, 0, 0, 0, 0, 0, 0]
r_1759 FALSE urbanlegends [45, 12, 1, 0, 1, 0, 1, 1, 1, 0, 0, 0, 0, 0, 0, 0, 0, 0, 0, 0, 0, 0, 0, 0]
r_1779 FALSE urbanlegends [59, 14, 6, 3, 3, 6, 12, 7, 11, 5, 2, 1, 0, 1, 0, 1, 1, 1, 0, 0, 0, 0, 0, 0]
r_1783 FALSE urbanlegends [54, 18, 16, 16, 12, 5, 4, 0, 1, 5, 1, 1, 0, 0, 2, 0, 0, 0, 0, 0, 0, 1, 1, 0]
r_1814 FALSE urbanlegends [1, 0, 0, 0, 0, 139, 127, 89, 99, 77, 80, 54, 24, 9, 4, 1, 1, 1, 3, 9, 6, 8, 10, 3]
r_1817 FALSE urbanlegends [139, 30, 9, 8, 3, 2, 0, 0, 1, 2, 3, 0, 0, 1, 0, 0, 0, 1, 1, 1, 0, 1, 0, 1]
r_1819 FALSE urbanlegends [139, 25, 12, 9, 0, 1, 3, 1, 0, 0, 2, 0, 0, 0, 0, 0, 0, 0, 0, 1, 1, 0, 1, 0]
r_1828 FALSE urbanlegends [1, 0, 1, 1, 0, 0, 1, 0, 1, 1, 1, 0, 0, 0, 0, 1, 0, 0, 0, 0, 0, 1, 0, 1]
r_1829 FALSE urbanlegends [19, 6, 3, 1, 1, 2, 0, 0, 0, 1, 0, 0, 0, 0, 0, 0, 0, 0, 0, 0, 0, 0, 0, 0]
r_1842 FALSE urbanlegends [31, 31, 14, 10, 6, 1, 2, 1, 4, 1, 0, 1, 2, 0, 1, 2, 0, 0, 0, 1, 0, 0, 0, 0]
r_1845 FALSE urbanlegends [7, 1, 0, 0, 0, 0, 0, 0, 1, 1, 0, 23, 12, 6, 4, 3, 2, 5, 2, 5, 9, 3, 3, 0]
r_1858 FALSE urbanlegends [90, 15, 10, 6, 3, 3, 4, 13, 22, 18, 15, 6, 10, 7, 5, 1, 2, 3, 3, 1, 4, 0, 0, 1]
r_1861 FALSE urbanlegends [104, 37, 42, 14, 10, 14, 2, 3, 1, 6, 2, 2, 2, 0, 0, 0, 1, 0, 0, 0, 0, 0, 0, 1]
r_1864 FALSE urbanlegends [28, 34, 51, 23, 18, 18, 6, 10, 13, 4, 5, 4, 8, 8, 5, 2, 0, 3, 10, 11, 5, 8, 4, 3]
r_1872 FALSE urbanlegends [85, 18, 16, 6, 5, 1, 4, 1, 0, 0, 0, 0, 0, 0, 0, 2, 0, 1, 0, 0, 2, 2, 2, 1]
r_1873 FALSE urbanlegends [51, 136, 44, 14, 7, 2, 14, 1, 5, 2, 1, 0, 0, 0, 0, 0, 0, 0, 0, 1, 0, 0, 0, 0]
r_1875 FALSE urbanlegends [214, 119, 72, 71, 77, 56, 44, 52, 17, 30, 30, 22, 22, 28, 15, 17, 9, 4, 11, 9, 8, 11, 42, 10]
r_1879 FALSE urbanlegends [237, 80, 8, 13, 8, 3, 3, 3, 2, 0, 0, 0, 1, 3, 2, 0, 0, 0, 1, 1, 1, 0, 1, 2]
r_1889 FALSE urbanlegends [83, 39, 39, 40, 40, 52, 12, 8, 10, 5, 9, 8, 8, 4, 2, 4, 1, 0, 0, 0, 1, 0, 1, 1]
r_1903 FALSE urbanlegends [1, 0, 0, 0, 0, 0, 0, 0, 0, 0, 0, 0, 0, 0, 0, 0, 0, 0, 0, 0, 0, 0, 0, 2]
r_1904 FALSE urbanlegends [122, 43, 21, 30, 11, 9, 15, 12, 6, 4, 9, 3, 4, 0, 5, 1, 5, 0, 0, 4, 21, 30, 16, 4]
r_1908 FALSE urbanlegends [52, 13, 8, 2, 1, 1, 0, 63, 1, 10, 2, 1, 4, 4, 0, 1, 0, 3, 0, 1, 2, 0, 0, 0]
r_1926 FALSE urbanlegends [103, 24, 2, 7, 5, 8, 18, 2, 0, 3, 0, 1, 0, 0, 0, 1, 0, 1, 0, 0, 0, 0, 0, 0]
r_1928 FALSE urbanlegends [313, 80, 36, 20, 19, 10, 7, 5, 6, 3, 0, 1, 4, 1, 1, 1, 1, 0, 0, 4, 0, 0, 0, 2]
r_1930 FALSE urbanlegends [86, 30, 44, 52, 14, 5, 2, 2, 38, 3, 2, 0, 2, 2, 6, 5, 4, 2, 25, 21, 6, 3, 1, 1]
r_1932 FALSE urbanlegends [167, 152, 101, 72, 56, 35, 25, 14, 5, 9, 11, 4, 4, 1, 2, 7, 4, 4, 3, 0, 0, 3, 0, 0]
r_1934 FALSE urbanlegends [9, 1, 0, 1, 1, 51, 117, 89, 77, 68, 57, 31, 39, 34, 23, 19, 8, 13, 7, 8, 8, 16, 7, 6]
r_1936 FALSE urbanlegends [475, 81, 57, 28, 27, 12, 15, 9, 9, 6, 4, 3, 2, 1, 2, 3, 4, 2, 1, 1, 3, 1, 4, 0]
r_1940 FALSE urbanlegends [8, 9, 1, 3, 1, 1, 0, 6, 1, 0, 0, 1, 0, 0, 0, 0, 1, 0, 1, 1, 3, 2, 0, 0]
r_1948 FALSE urbanlegends [249, 47, 16, 13, 3, 6, 139, 36, 11, 7, 2, 2, 2, 0, 0, 0, 1, 1, 1, 0, 0, 2, 1, 0]
r_1950 FALSE urbanlegends [348, 95, 40, 23, 25, 22, 5, 11, 11, 7, 10, 28, 8, 7, 9, 1, 1, 1, 0, 1, 1, 0, 5, 4]
r_1953 FALSE urbanlegends [452, 101, 81, 75, 48, 32, 20, 14, 23, 20, 10, 13, 8, 6, 4, 6, 1, 3, 3, 4, 5, 3, 2, 1]
r_1963 FALSE urbanlegends [119, 81, 46, 38, 92, 48, 66, 28, 26, 12, 15, 19, 11, 13, 11, 11, 12, 4, 4, 11, 30, 8, 12, 12]
r_1964 FALSE urbanlegends [55, 19, 13, 9, 3, 5, 2, 4, 3, 2, 3, 2, 0, 1, 17, 2, 4, 1, 1, 0, 1, 1, 0, 3]
r_1972 FALSE urbanlegends [1262, 176, 81, 42, 22, 12, 3, 2, 2, 3, 7, 9, 16, 6, 6, 1, 3, 2, 6, 11, 3, 8, 6, 7]
r_1980 FALSE urbanlegends [909, 356, 100, 32, 23, 18, 30, 57, 101, 134, 144, 98, 81, 68, 34, 34, 15, 20, 17, 32, 13, 8, 9, 21]
r_1981 FALSE urbanlegends [1313, 230, 150, 81, 41, 32, 25, 35, 47, 24, 25, 24, 33, 23, 13, 15, 15, 97, 52, 49, 18, 11, 19, 39]
r_1987 FALSE urbanlegends [488, 148, 56, 46, 41, 48, 46, 37, 47, 52, 47, 24, 16, 12, 10, 4, 2, 4, 3, 8, 7, 15, 12, 6]
r_1993 FALSE urbanlegends [2023, 1316, 915, 815, 570, 444, 291, 187, 192, 138, 132, 149, 196, 171, 180, 171, 172, 155, 129, 120, 92, 104, 90, 95]
r_2004 FALSE urbanlegends [299, 303, 521, 472, 570, 685, 579, 506, 414, 352, 257, 280, 268, 215, 207, 190, 215, 215, 192, 191, 152, 139, 93, 139]
r_457 FALSE urbanlegends [1, 0, 0, 0, 0, 0, 0, 0, 1, 0, 1, 0, 4, 1, 1, 2, 0, 0, 0, 0, 0, 0, 1, 3]
r_461 FALSE urbanlegends [15, 10, 3, 8, 2, 1, 0, 0, 0, 0, 0, 0, 0, 0, 0, 0, 0, 0, 0, 0, 1, 2, 9, 10]
r_462 FALSE urbanlegends [1, 0, 0, 0, 0, 0, 1, 0, 0, 0, 0, 0, 0, 0, 0, 0, 0, 0, 0, 0, 0, 0, 0, 0]
r_463 FALSE urbanlegends [2, 0, 0, 0, 0, 0, 1, 0, 2, 0, 0, 3, 0, 0, 1, 0, 0, 0, 0, 0, 0, 0, 0, 0]
r_464 FALSE urbanlegends [2, 0, 0, 0, 0, 1, 0, 0, 0, 1, 0, 0, 0, 0, 3, 0, 0, 2, 0, 0, 0, 0, 0, 0]
r_467 FALSE urbanlegends [4, 1, 0, 0, 0, 0, 0, 0, 3, 0, 0, 1, 0, 0, 0, 0, 0, 0, 0, 0, 0, 0, 0, 0]
r_468 FALSE urbanlegends [17, 8, 2, 2, 2, 61, 55, 18, 20, 11, 11, 5, 12, 11, 9, 9, 7, 13, 10, 8, 8, 20, 8, 5]
r_471 FALSE urbanlegends [4, 1, 0, 1, 4, 5, 5, 8, 8, 2, 6, 1, 6, 19, 4, 4, 3, 5, 2, 0, 2, 3, 5, 1]
r_473 FALSE urbanlegends [4, 1, 1, 3, 4, 0, 0, 0, 0, 0, 1, 2, 4, 1, 0, 12, 8, 4, 2, 5, 4, 2, 0, 5]
r_474 FALSE urbanlegends [2, 3, 6, 10, 10, 14, 5, 7, 8, 26, 9, 3, 3, 15, 18, 5, 4, 1, 5, 4, 0, 6, 1, 8]
r_476 FALSE urbanlegends [3, 1, 1, 1, 4, 3, 0, 1, 1, 1, 0, 1, 2, 1, 1, 0, 0, 0, 0, 0, 0, 0, 0, 0]
r_478 FALSE urbanlegends [104, 9, 31, 7, 2, 3, 2, 1, 2, 1, 0, 4, 2, 4, 2, 1, 1, 1, 2, 0, 0, 0, 0, 0]
r_479 FALSE urbanlegends [14, 8, 19, 9, 18, 9, 3, 46, 25, 15, 10, 6, 1, 8, 15, 134, 62, 46, 29, 25, 35, 37, 27, 25]
r_481 FALSE urbanlegends [3, 1, 2, 2, 0, 0, 1, 1, 0, 0, 45, 9, 2, 4, 7, 4, 0, 2, 0, 1, 1, 1, 2, 4]
r_485 FALSE urbanlegends [5, 6, 0, 0, 0, 2, 0, 0, 0, 1, 0, 2, 4, 2, 10, 3, 6, 4, 3, 1, 0, 0, 2, 3]
r_486 FALSE urbanlegends [58, 42, 24, 27, 23, 7, 15, 5, 7, 2, 2, 13, 3, 2, 3, 0, 0, 0, 1, 0, 1, 2, 1, 2]
r_487 FALSE urbanlegends [2, 0, 0, 0, 0, 0, 0, 6, 2, 1, 1, 2, 0, 0, 2, 1, 0, 4, 1, 0, 0, 0, 0, 0]
r_488 FALSE urbanlegends [2, 0, 0, 0, 0, 0, 0, 0, 0, 0, 0, 0, 0, 0, 0, 0, 0, 0, 0, 0, 0, 0, 0, 0]
r_491 FALSE urbanlegends [1, 0, 0, 0, 0, 0, 0, 0, 1, 0, 0, 0, 0, 0, 0, 0, 0, 0, 0, 0, 0, 0, 0, 0]
r_494 FALSE urbanlegends [2, 0, 0, 0, 0, 0, 0, 0, 0, 0, 0, 0, 0, 0, 0, 0, 0, 0, 0, 0, 0, 0, 0, 0]
r_495 FALSE urbanlegends [73, 65, 46, 25, 10, 14, 8, 14, 4, 8, 17, 17, 30, 26, 21, 21, 14, 13, 11, 18, 15, 15, 8, 22]
r_497 FALSE urbanlegends [4, 1, 0, 0, 1, 0, 0, 0, 0, 0, 0, 0, 0, 0, 0, 0, 0, 0, 0, 0, 0, 0, 0, 0]
r_498 FALSE urbanlegends [2, 0, 0, 0, 0, 0, 0, 0, 0, 0, 0, 0, 0, 0, 0, 0, 0, 0, 0, 1, 8, 1, 1, 1]
r_500 FALSE urbanlegends [1, 0, 0, 0, 0, 0, 0, 0, 0, 0, 0, 0, 0, 0, 0, 0, 0, 0, 0, 0, 0, 0, 0, 0]
r_501 FALSE urbanlegends [4, 1, 0, 0, 0, 0, 0, 0, 0, 0, 0, 0, 0, 0, 0, 0, 0, 0, 0, 0, 0, 0, 0, 0]
r_503 FALSE urbanlegends [4, 0, 0, 0, 0, 0, 0, 0, 0, 0, 0, 0, 0, 0, 0, 0, 0, 0, 0, 0, 0, 0, 0, 0]
r_510 FALSE urbanlegends [2, 0, 0, 0, 0, 0, 0, 0, 0, 0, 0, 0, 0, 0, 0, 0, 0, 0, 0, 0, 0, 0, 0, 0]
r_514 FALSE urbanlegends [5, 1, 0, 0, 0, 0, 1, 1, 1, 0, 0, 0, 0, 0, 0, 0, 0, 0, 0, 0, 0, 0, 0, 0]
r_517 FALSE urbanlegends [7, 2, 1, 0, 0, 0, 0, 0, 0, 0, 0, 0, 0, 0, 0, 0, 0, 0, 0, 0, 0, 0, 0, 0]
r_521 FALSE urbanlegends [5, 0, 0, 0, 0, 0, 0, 0, 0, 1, 1, 0, 0, 0, 0, 0, 0, 0, 0, 0, 0, 0, 0, 0]
r_522 FALSE urbanlegends [1, 0, 0, 1, 0, 0, 0, 0, 0, 0, 0, 0, 0, 0, 0, 0, 0, 0, 0, 0, 0, 0, 0, 0]
r_524 FALSE urbanlegends [10, 2, 0, 0, 1, 0, 0, 0, 0, 0, 0, 0, 0, 0, 0, 0, 0, 0, 0, 0, 0, 0, 0, 0]
r_526 FALSE urbanlegends [2, 0, 0, 0, 0, 0, 0, 0, 0, 0, 0, 0, 0, 0, 0, 0, 0, 0, 0, 0, 0, 0, 0, 0]
r_531 FALSE urbanlegends [9, 6, 6, 5, 0, 4, 1, 2, 1, 0, 5, 4, 79, 14, 12, 5, 8, 3, 1, 3, 80, 3, 6, 14]
r_532 FALSE urbanlegends [2, 0, 0, 0, 0, 0, 0, 0, 0, 0, 0, 0, 0, 0, 0, 0, 0, 0, 0, 0, 0, 0, 0, 0]
r_550 FALSE urbanlegends [13, 14, 18, 8, 11, 6, 6, 8, 1, 0, 4, 4, 2, 1, 0, 3, 7, 1, 1, 3, 4, 33, 33, 14]
r_562 FALSE urbanlegends [2, 0, 0, 0, 0, 0, 0, 0, 0, 0, 0, 0, 0, 0, 0, 0, 0, 0, 0, 0, 0, 0, 0, 0]
r_563 FALSE urbanlegends [7, 0, 1, 2, 0, 0, 0, 0, 0, 0, 1, 0, 0, 0, 1, 0, 0, 1, 33, 4, 5, 1, 3, 1]
r_564 FALSE urbanlegends [1, 0, 0, 0, 0, 0, 0, 0, 0, 0, 0, 0, 0, 0, 0, 0, 0, 0, 0, 0, 0, 0, 0, 0]
r_566 FALSE urbanlegends [2, 0, 0, 0, 0, 0, 0, 0, 0, 0, 0, 0, 0, 0, 0, 0, 0, 0, 0, 0, 0, 0, 0, 0]
r_567 FALSE urbanlegends [2, 1, 1, 0, 0, 0, 0, 0, 0, 0, 0, 1, 0, 0, 0, 0, 0, 0, 0, 0, 0, 1, 1, 2]
r_568 FALSE urbanlegends [27, 5, 21, 3, 2, 2, 0, 1, 0, 0, 0, 0, 0, 0, 1, 0, 0, 0, 0, 0, 0, 0, 0, 0]
r_569 FALSE urbanlegends [18, 0, 1, 0, 0, 0, 0, 0, 0, 0, 0, 0, 23, 21, 1, 0, 0, 0, 0, 0, 0, 0, 0, 0]
r_570 FALSE urbanlegends [2, 0, 0, 0, 0, 0, 0, 0, 0, 0, 0, 0, 0, 0, 0, 0, 0, 0, 0, 0, 0, 0, 0, 0]
r_571 FALSE urbanlegends [2, 0, 0, 0, 0, 0, 0, 0, 0, 0, 0, 0, 0, 0, 0, 0, 0, 0, 0, 0, 0, 0, 0, 0]
r_573 FALSE urbanlegends [3, 0, 0, 0, 0, 0, 0, 0, 0, 0, 0, 0, 0, 0, 0, 0, 0, 0, 1, 0, 0, 0, 0, 0]
r_575 FALSE urbanlegends [1, 9, 57, 7, 1, 0, 0, 0, 0, 1, 1, 2, 4, 29, 41, 11, 7, 7, 2, 3, 0, 9, 0, 3]
r_577 FALSE urbanlegends [1, 0, 0, 0, 0, 0, 0, 0, 0, 0, 0, 0, 0, 0, 0, 0, 0, 0, 0, 0, 0, 0, 0, 0]
r_586 FALSE urbanlegends [2, 0, 0, 1, 0, 0, 0, 0, 0, 0, 0, 1, 0, 0, 0, 0, 0, 7, 1, 0, 0, 0, 0, 0]
r_589 FALSE urbanlegends [11, 3, 2, 1, 1, 1, 0, 0, 0, 0, 0, 0, 0, 0, 0, 0, 0, 0, 0, 0, 0, 0, 0, 0]
r_594 FALSE urbanlegends [1, 2, 0, 0, 0, 0, 0, 0, 0, 0, 0, 0, 0, 0, 0, 0, 0, 0, 0, 0, 0, 0, 0, 0]
r_597 FALSE urbanlegends [2, 0, 0, 0, 0, 0, 0, 0, 0, 0, 0, 0, 0, 0, 0, 0, 0, 0, 0, 0, 0, 0, 0, 0]
r_599 FALSE urbanlegends [312, 63, 21, 11, 10, 6, 6, 6, 4, 6, 5, 1, 4, 3, 1, 1, 2, 1, 2, 3, 1, 1, 0, 1]
r_601 FALSE urbanlegends [2, 0, 0, 0, 0, 0, 0, 0, 0, 0, 0, 0, 0, 0, 0, 0, 0, 0, 0, 0, 0, 0, 0, 0]
r_609 FALSE urbanlegends [1, 0, 0, 0, 0, 0, 0, 0, 0, 0, 0, 1, 0, 0, 0, 0, 0, 0, 0, 0, 0, 0, 0, 0]
r_610 FALSE urbanlegends [2, 0, 2, 0, 0, 0, 0, 0, 0, 0, 0, 0, 0, 0, 0, 0, 0, 0, 0, 0, 0, 0, 0, 0]
r_613 FALSE urbanlegends [679, 335, 238, 190, 142, 115, 33, 24, 43, 16, 2, 2, 1, 2, 11, 12, 101, 77, 54, 44, 39, 13, 20, 13]
r_617 FALSE urbanlegends [19, 2, 0, 0, 0, 0, 0, 0, 0, 0, 0, 1, 0, 0, 0, 0, 0, 0, 0, 0, 0, 0, 0, 0]
r_619 FALSE urbanlegends [2, 0, 0, 0, 0, 0, 0, 0, 0, 0, 0, 0, 0, 0, 0, 0, 0, 0, 0, 0, 0, 0, 0, 0]
r_625 FALSE urbanlegends [3, 0, 0, 0, 0, 0, 0, 0, 0, 0, 0, 0, 0, 0, 0, 0, 0, 0, 0, 0, 0, 0, 0, 0]
r_626 FALSE urbanlegends [6, 0, 0, 0, 0, 1, 0, 0, 0, 0, 0, 0, 0, 0, 0, 0, 0, 0, 0, 0, 0, 0, 0, 0]
r_630 FALSE urbanlegends [174, 51, 30, 18, 15, 10, 25, 39, 16, 16, 8, 9, 7, 4, 5, 5, 6, 4, 5, 3, 8, 3, 1, 1]
r_636 FALSE urbanlegends [2, 0, 0, 0, 0, 0, 0, 0, 0, 0, 0, 0, 0, 0, 0, 0, 0, 0, 0, 0, 0, 0, 0, 0]
r_637 FALSE urbanlegends [10, 1, 1, 3, 5, 2, 0, 0, 0, 0, 0, 1, 0, 0, 0, 0, 0, 1, 0, 0, 0, 0, 0, 0]
r_639 FALSE urbanlegends [4, 0, 1, 1, 0, 0, 0, 0, 0, 0, 0, 0, 0, 0, 0, 0, 0, 0, 0, 0, 1, 1, 0, 0]
r_654 FALSE urbanlegends [3, 1, 0, 0, 2, 0, 9, 0, 0, 5, 1, 0, 2, 0, 0, 2, 1, 2, 0, 0, 0, 3, 0, 0]
r_655 FALSE urbanlegends [2, 2, 1, 1, 5, 6, 6, 0, 0, 0, 0, 0, 1, 0, 0, 0, 0, 0, 0, 0, 3, 1, 10, 5]
r_656 FALSE urbanlegends [288, 107, 77, 25, 49, 37, 22, 23, 19, 11, 10, 17, 21, 2, 6, 5, 14, 31, 37, 14, 12, 4, 4, 6]
r_657 FALSE urbanlegends [1, 0, 0, 0, 0, 0, 0, 0, 0, 0, 0, 1, 0, 2, 1, 1, 0, 1, 0, 0, 0, 0, 0, 0]
r_659 FALSE urbanlegends [19, 9, 9, 1, 0, 0, 0, 0, 0, 0, 0, 0, 0, 1, 0, 0, 0, 0, 0, 0, 0, 0, 0, 0]
r_660 FALSE urbanlegends [8, 16, 5, 3, 2, 1, 1, 1, 1, 0, 3, 2, 0, 4, 0, 0, 1, 0, 0, 0, 0, 0, 0, 0]
r_661 FALSE urbanlegends [4, 2, 1, 3, 2, 0, 2, 0, 0, 0, 0, 1, 0, 0, 0, 0, 0, 0, 0, 0, 1, 0, 4, 1]
r_662 FALSE urbanlegends [401, 111, 61, 38, 40, 18, 17, 13, 13, 8, 2, 9, 6, 8, 15, 16, 16, 15, 12, 16, 14, 5, 13, 22]
r_664 FALSE urbanlegends [2, 0, 0, 0, 0, 0, 0, 0, 0, 0, 0, 0, 0, 0, 3, 0, 0, 0, 0, 0, 0, 0, 1, 0]
r_666 FALSE urbanlegends [2, 0, 0, 0, 0, 0, 0, 0, 0, 0, 0, 0, 0, 0, 0, 0, 0, 0, 0, 0, 0, 0, 0, 0]
r_668 FALSE urbanlegends [300, 210, 115, 91, 36, 42, 31, 22, 23, 19, 28, 34, 22, 7, 13, 5, 8, 9, 5, 20, 6, 9, 7, 53]
r_669 FALSE urbanlegends [4, 4, 1, 0, 1, 0, 0, 0, 0, 0, 0, 0, 0, 0, 0, 0, 0, 0, 0, 0, 0, 0, 0, 0]
r_745 FALSE urbanlegends [1, 1, 0, 0, 0, 0, 0, 0, 0, 0, 0, 0, 0, 0, 0, 0, 0, 0, 0, 0, 0, 0, 0, 0]
r_747 FALSE urbanlegends [1, 0, 0, 0, 0, 0, 0, 0, 0, 0, 0, 0, 0, 0, 0, 0, 0, 0, 0, 0, 0, 0, 0, 0]
r_749 FALSE urbanlegends [2, 0, 0, 0, 0, 0, 0, 0, 0, 0, 0, 0, 0, 0, 0, 0, 0, 0, 0, 0, 0, 0, 0, 0]
r_754 FALSE urbanlegends [1, 0, 0, 0, 0, 0, 0, 1, 0, 0, 0, 0, 0, 0, 0, 0, 0, 0, 0, 0, 0, 0, 0, 0]
r_755 FALSE urbanlegends [2, 0, 0, 0, 0, 0, 0, 0, 0, 0, 0, 0, 0, 0, 0, 0, 0, 0, 0, 0, 0, 0, 0, 0]
r_757 FALSE urbanlegends [80, 31, 24, 15, 6, 7, 3, 2, 11, 7, 6, 1, 0, 0, 1, 0, 0, 0, 0, 0, 0, 0, 1, 2]
r_761 FALSE urbanlegends [1, 1, 0, 0, 0, 0, 0, 0, 0, 0, 0, 0, 0, 0, 0, 0, 0, 0, 0, 0, 0, 0, 0, 0]
r_767 FALSE urbanlegends [3, 1, 3, 0, 0, 0, 0, 0, 0, 0, 0, 0, 0, 0, 0, 0, 0, 0, 0, 0, 0, 0, 0, 0]
r_768 FALSE urbanlegends [1, 1, 0, 0, 0, 0, 1, 0, 0, 0, 0, 0, 0, 0, 0, 0, 0, 0, 0, 0, 0, 0, 0, 0]
r_773 FALSE urbanlegends [1, 1, 0, 0, 0, 0, 0, 0, 0, 0, 0, 0, 0, 0, 0, 0, 0, 0, 0, 0, 0, 4, 0, 0]
r_774 FALSE urbanlegends [2, 0, 0, 0, 0, 0, 0, 0, 0, 0, 0, 0, 0, 0, 0, 0, 0, 0, 0, 0, 0, 0, 0, 0]
r_784 FALSE urbanlegends [1, 0, 0, 0, 0, 0, 0, 0, 0, 44, 49, 33, 28, 17, 4, 8, 3, 7, 4, 8, 2, 7, 0, 2]
r_787 FALSE urbanlegends [2, 0, 0, 0, 0, 0, 0, 0, 0, 0, 0, 0, 0, 0, 0, 0, 0, 0, 0, 0, 0, 0, 0, 0]
r_827 FALSE urbanlegends [63, 41, 183, 227, 84, 39, 24, 20, 17, 7, 5, 12, 17, 17, 16, 10, 2, 8, 4, 18, 10, 6, 4, 1]
r_828 FALSE urbanlegends [3, 0, 0, 0, 0, 0, 0, 0, 0, 0, 0, 0, 0, 0, 0, 0, 0, 0, 0, 0, 0, 0, 0, 0]
r_830 FALSE urbanlegends [1, 2, 0, 0, 0, 0, 0, 0, 0, 0, 0, 0, 0, 0, 0, 0, 0, 0, 0, 0, 0, 0, 0, 0]
r_831 FALSE urbanlegends [1, 0, 0, 0, 1, 0, 0, 0, 0, 0, 1, 0, 0, 0, 0, 0, 0, 0, 0, 0, 0, 0, 0, 0]
r_832 FALSE urbanlegends [2, 0, 0, 0, 0, 1, 0, 0, 0, 0, 0, 0, 0, 0, 0, 0, 0, 0, 0, 0, 0, 0, 0, 0]
r_833 FALSE urbanlegends [36, 103, 52, 74, 37, 33, 103, 90, 56, 42, 29, 25, 10, 16, 12, 4, 4, 23, 9, 21, 34, 12, 22, 34]
r_834 FALSE urbanlegends [2, 1, 0, 0, 0, 0, 0, 0, 0, 0, 0, 0, 0, 0, 0, 0, 0, 0, 0, 0, 0, 0, 0, 0]
r_837 FALSE urbanlegends [2, 0, 0, 1, 0, 0, 0, 0, 0, 0, 0, 0, 0, 0, 0, 0, 0, 0, 0, 0, 0, 0, 0, 0]
r_840 FALSE urbanlegends [3, 0, 0, 0, 0, 0, 0, 0, 0, 0, 0, 0, 0, 0, 0, 0, 0, 0, 0, 0, 0, 0, 0, 0]
r_841 FALSE urbanlegends [3, 0, 0, 0, 0, 0, 0, 0, 0, 0, 0, 0, 0, 0, 0, 0, 0, 0, 0, 0, 0, 0, 0, 0]
r_846 FALSE urbanlegends [1, 1, 0, 0, 1, 0, 0, 0, 0, 0, 0, 0, 0, 0, 0, 0, 0, 0, 0, 0, 0, 0, 0, 0]
r_850 FALSE urbanlegends [3, 0, 0, 0, 0, 0, 0, 0, 0, 0, 0, 0, 0, 0, 0, 0, 0, 0, 0, 0, 0, 0, 0, 0]
r_870 FALSE urbanlegends [27, 13, 4, 2, 2, 1, 1, 1, 2, 11, 0, 1, 2, 0, 0, 0, 0, 0, 2, 11, 13, 8, 2, 0]
r_871 FALSE urbanlegends [2, 2, 0, 0, 0, 0, 0, 0, 0, 0, 0, 0, 0, 0, 0, 0, 0, 0, 0, 0, 0, 0, 0, 0]
r_872 FALSE urbanlegends [24, 8, 3, 4, 4, 5, 1, 2, 1, 0, 0, 0, 0, 0, 0, 0, 0, 0, 0, 0, 0, 0, 0, 0]
r_874 FALSE urbanlegends [3, 0, 0, 0, 1, 0, 0, 0, 0, 0, 0, 0, 0, 0, 0, 0, 0, 0, 0, 0, 0, 0, 0, 0]
r_884 FALSE urbanlegends [4, 0, 0, 1, 0, 0, 0, 0, 0, 0, 0, 0, 0, 0, 0, 0, 0, 0, 0, 0, 0, 0, 0, 0]
r_887 FALSE urbanlegends [17, 1, 1, 0, 0, 1, 0, 0, 0, 0, 0, 0, 0, 0, 0, 0, 0, 0, 0, 0, 0, 0, 0, 0]
r_888 FALSE urbanlegends [5, 0, 0, 0, 0, 0, 0, 0, 0, 0, 0, 0, 0, 0, 0, 0, 0, 0, 0, 0, 0, 0, 0, 0]
r_898 FALSE urbanlegends [10, 1, 1, 1, 0, 0, 0, 0, 0, 0, 0, 1, 0, 0, 0, 0, 0, 0, 0, 0, 0, 0, 0, 0]
r_900 FALSE urbanlegends [5, 0, 1, 0, 0, 0, 0, 0, 0, 0, 0, 0, 0, 0, 0, 0, 0, 0, 0, 0, 0, 0, 0, 0]
r_901 FALSE urbanlegends [8, 0, 2, 0, 0, 1, 0, 0, 3, 0, 0, 0, 0, 1, 0, 0, 0, 0, 0, 0, 0, 0, 0, 0]
r_902 FALSE urbanlegends [4, 0, 0, 1, 0, 0, 0, 0, 0, 0, 0, 0, 0, 0, 0, 0, 0, 0, 0, 0, 0, 0, 0, 0]
r_925 FALSE urbanlegends [5, 0, 2, 1, 0, 0, 0, 0, 0, 0, 0, 0, 0, 0, 0, 0, 0, 0, 0, 0, 0, 0, 0, 0]
r_926 FALSE urbanlegends [6, 1, 0, 0, 1, 0, 0, 0, 0, 0, 0, 0, 0, 0, 0, 0, 0, 0, 0, 0, 0, 0, 0, 0]
r_929 FALSE urbanlegends [7, 0, 0, 0, 0, 1, 0, 0, 0, 0, 0, 0, 0, 0, 0, 0, 0, 0, 0, 0, 0, 0, 0, 0]
r_930 FALSE urbanlegends [5, 0, 0, 0, 0, 0, 1, 0, 1, 1, 0, 0, 0, 0, 0, 0, 0, 0, 0, 0, 0, 0, 0, 0]
r_946 FALSE urbanlegends [3, 0, 0, 0, 0, 0, 0, 0, 0, 2, 3, 0, 3, 0, 1, 2, 1, 0, 0, 0, 0, 0, 1, 0]
r_948 FALSE urbanlegends [3, 0, 0, 0, 0, 0, 0, 0, 0, 0, 0, 0, 0, 0, 0, 0, 0, 0, 0, 0, 0, 0, 0, 0]
r_955 FALSE urbanlegends [8, 0, 0, 0, 0, 0, 0, 0, 1, 0, 0, 0, 0, 0, 0, 0, 0, 0, 0, 0, 0, 0, 0, 0]
r_958 FALSE urbanlegends [8, 1, 2, 0, 0, 0, 0, 0, 0, 9, 0, 1, 0, 0, 0, 0, 0, 0, 0, 0, 0, 0, 0, 0]
r_965 FALSE urbanlegends [5, 3, 1, 0, 0, 0, 0, 0, 0, 0, 0, 0, 0, 1, 0, 0, 0, 0, 0, 0, 0, 0, 0, 0]
r_966 FALSE urbanlegends [8, 1, 0, 0, 0, 0, 0, 0, 0, 0, 1, 0, 0, 0, 0, 0, 0, 0, 0, 0, 0, 0, 0, 0]
r_984 FALSE urbanlegends [6, 0, 4, 0, 0, 0, 1, 0, 0, 0, 0, 0, 0, 0, 0, 0, 0, 0, 0, 0, 0, 0, 0, 0]
r_985 FALSE urbanlegends [7, 0, 0, 0, 0, 1, 0, 0, 1, 0, 0, 0, 0, 0, 0, 1, 0, 0, 0, 0, 0, 0, 0, 0]
r_986 FALSE urbanlegends [6, 2, 1, 0, 1, 0, 0, 0, 0, 0, 0, 0, 0, 0, 0, 0, 0, 0, 0, 0, 0, 0, 0, 0]
r_987 FALSE urbanlegends [9, 1, 1, 0, 0, 0, 0, 0, 0, 0, 0, 0, 0, 0, 0, 0, 0, 0, 0, 0, 0, 0, 0, 0]
r_988 FALSE urbanlegends [5, 1, 0, 1, 0, 0, 0, 0, 0, 0, 0, 0, 0, 0, 0, 0, 0, 0, 0, 0, 0, 0, 0, 0]
r_989 FALSE urbanlegends [5, 2, 0, 0, 0, 0, 0, 0, 0, 0, 1, 1, 0, 0, 0, 0, 0, 0, 1, 0, 0, 0, 0, 0]
r_994 FALSE urbanlegends [3, 1, 0, 1, 0, 0, 0, 0, 0, 0, 0, 0, 0, 0, 0, 0, 0, 0, 0, 0, 0, 0, 0, 0]
r_995 FALSE urbanlegends [9, 2, 0, 0, 0, 0, 0, 0, 0, 0, 0, 0, 0, 0, 0, 0, 0, 0, 0, 0, 0, 0, 0, 0]
